"metab.code" 0 0 0 0 0 0 0 0 0 0 0.69 0.69 0.69 0.69 0.69 0.69 1.1 1.1 1.79 1.79 2.92 2.92 4.78 4.78 4.78 4.78 4.78 4.78 7.76 7.76
"P_2" 5.30726492320707 5.13215718906281 5.99934589446677 5.28035297041015 5.43486259215335 4.99231929794479 5.23418308227888 5.27612388814738 5.37095326733353 5.36653128384365 5.15343983775696 5.0676435832083 5.52198099993379 5.69573639954595 5.00338297259829 5.34878174081153 4.64536331134526 5.39351553851521 5.01500748191533 5.55651477063003 5.21461604852526 5.60177108942696 5.60276623105045 5.23110497667221 6.06964146133955 5.24142444263965 5.17814495148489 5.49226296975645 5.10480111013417 5.44074540402931
"P_4" 4.56374798767582 5.19292410847697 4.56374798767582 4.56374798767582 4.56374798767582 5.47168767748721 4.56374798767582 4.56374798767582 4.56374798767582 4.56374798767582 4.56374798767582 4.56374798767582 4.56374798767582 4.56374798767582 5.42843934156041 4.56374798767582 4.56374798767582 4.56374798767582 4.56374798767582 5.14480763652247 5.57420495078618 5.45281800160822 4.56374798767582 4.56374798767582 4.56374798767582 4.56374798767582 5.59315642406415 5.30874790955962 4.56374798767582 4.8647779833398
"P_5" 6.35539883453898 6.37913539331735 5.90698007717578 5.6059500815118 6.15847617792222 6.54803901554905 6.92192706518598 6.64870652753557 6.46379014901072 6.76595637500282 5.6059500815118 5.6059500815118 6.1257007973033 6.26451961525389 6.50106830421694 6.68895488480286 6.35700755332395 6.42731242149313 6.63992215889406 6.67295359087776 6.64128389149733 6.54579434170925 5.6059500815118 5.6059500815118 5.90811490665721 6.42670380469392 6.6651102346483 6.63321083245614 6.89745779339667 6.4689633256172
"P_6" 4.71895401631432 4.71895401631432 5.0199840119783 6.40672731251784 4.71895401631432 4.71895401631432 4.71895401631432 4.71895401631432 4.71895401631432 4.71895401631432 6.01745907322447 6.28760849306127 4.71895401631432 4.71895401631432 4.71895401631432 4.71895401631432 4.71895401631432 6.54276631408854 4.71895401631432 4.71895401631432 4.71895401631432 4.71895401631432 6.08564015696603 6.05437592785346 4.71895401631432 4.71895401631432 4.71895401631432 4.71895401631432 4.71895401631432 4.71895401631432
"P_7" 4.28974498515512 4.3092254889848 3.78979216773068 4.31703903039834 3.78979216773068 4.22680604950073 4.09082216339466 4.28269007226822 3.78979216773068 4.23363058016446 4.45292056439907 3.78979216773068 4.4832591344918 4.41649072479432 4.15812115033749 4.25556193829089 3.78979216773068 4.31492005599242 4.20188850036597 4.29583089495859 4.29167958398284 4.21412826182341 4.4674749113846 4.39750549689802 3.78979216773068 4.30339047411339 4.23537692240224 4.49415459401844 4.16503647999457 4.37633967257104
"P_10" 6.53127155579779 6.69877565750619 6.43290117661999 6.62394174797148 6.43498862559393 6.56022989256854 6.4972407349055 6.69743161757447 6.43066753095869 6.76638079440193 6.55117286384712 6.53009771029737 6.45542657723272 6.75385350872452 6.39867594821287 6.78542067137262 6.30711099250806 6.58272339799642 6.72546183935699 6.95707076730254 6.6460693966911 6.84953844454236 6.63818894084328 6.55975561265857 6.6426543218388 6.70904766746569 6.78371210463353 6.90275403888113 6.36267224862231 6.73855503136008
"P_11" 6.25096253140119 5.51733580007966 5.51733580007966 5.51733580007966 5.88374658258687 5.51733580007966 5.51733580007966 5.51733580007966 5.51733580007966 5.51733580007966 5.51733580007966 5.51733580007966 5.51733580007966 5.94003859777998 5.51733580007966 5.51733580007966 5.81836579574364 5.51733580007966 5.51733580007966 5.51733580007966 5.51733580007966 5.51733580007966 5.51733580007966 5.51733580007966 5.51733580007966 5.51733580007966 5.51733580007966 5.51733580007966 5.51733580007966 5.51733580007966
"P_12" 4.05633303495116 4.05633303495116 5.46921357769725 4.05633303495116 5.15419261240608 4.05633303495116 4.05633303495116 4.05633303495116 4.05633303495116 4.05633303495116 4.05633303495116 4.05633303495116 5.10228273981526 5.53112239380035 4.05633303495116 4.05633303495116 4.05633303495116 4.35736303061514 4.05633303495116 4.05633303495116 4.05633303495116 4.96661098668193 5.34049170614825 4.05633303495116 5.72459123313928 4.05633303495116 4.05633303495116 4.67879143436624 4.05633303495116 5.07182311592602
"P_14" 4.5285439208087 3.84849701809037 4.58471558580514 4.46238302196896 5.0907481656572 4.92166046904736 5.2735059184704 5.2311636415051 5.12397244293023 5.20718988341068 4.14952701375435 3.84849701809037 3.84849701809037 3.84849701809037 4.67556755692083 4.82818926332473 4.47707782309986 5.00226976149002 4.82177546718346 4.82535470323731 5.05149981913274 4.46492154047153 3.84849701809037 3.84849701809037 3.84849701809037 3.84849701809037 5.17844453843864 5.03129128993461 5.23850275080539 4.94008297024275
"P_16" 4.49016925083489 4.5528020117274 4.35144842290912 4.73338186123187 4.05041842724513 4.90710488155239 4.90786262051287 4.90602780181948 4.05041842724513 4.60616631460762 4.59776098313523 4.49690198512331 4.4963760540124 4.42135709851314 4.86119377131344 4.74125405188892 4.74248946458177 4.99996525505163 5.00883428704538 4.44586874656402 4.99565274149486 4.61711571804737 4.47369129586552 4.62056284936 4.05041842724513 4.63154522783431 4.93948930024219 4.67044068509414 4.82818926332473 4.45887947611688
"P_19" 4.16920403652362 4.33471505346436 3.92778084934737 4.37005023707487 3.99734269060162 4.15054154137409 3.43480833865309 4.275794914631 4.02579724131029 4.51015611576877 4.24489533369186 4.11320776982274 4.08668009373462 4.49523897531066 3.43480833865309 4.20379413958807 3.43480833865309 3.73583833431707 4.4102540784464 4.6051110251239 4.32580290874361 4.44045251824962 4.2386231053847 4.04032537919972 4.20338649166048 4.3052223519237 4.37394131151806 4.52631342575842 3.43480833865309 4.0947505524775
"P_21" 5.3621090924701 5.29251745568676 4.84079903182152 5.39494173671336 5.56909053075469 5.41469597909365 5.49972693692884 5.49061855492013 5.47691129497572 5.36798733231823 5.33617344544861 5.1418290274855 5.49745214674109 5.4259855608574 5.36223170285869 5.36755904132359 5.37118796966754 5.40408074309994 5.39922881764935 5.26541692480285 5.53507248468103 5.16157761104887 5.70491800737428 5.71827825622885 6.04773890550522 5.60226406178166 6.04672181236567 5.85838498737624 5.91650342898115 5.39636675366306
"P_22" 5.18433362918807 5.20995980449776 4.90607093633545 5.00530923684852 5.11897859152547 4.28244083582987 5.36878506125451 5.31031300547445 5.14554444830612 5.18690550478817 4.28244083582987 4.28244083582987 4.91975778050189 4.75157931021467 5.13727813484515 4.28244083582987 5.21109383105896 5.08854006052188 4.28244083582987 4.28244083582987 5.19571981173058 5.14960395493302 4.58347083149385 4.68603713745534 4.86553035738915 5.27056704623476 4.81675816740793 4.88441016025105 5.35117184963871 5.04361374228142
"P_26" 5.41189399917256 5.54490232874886 5.26559131092096 5.43679374472122 5.34073949326297 5.39956297091924 5.37760490798083 5.51524312932222 5.24302315833451 5.65555715412105 5.39143972529605 5.34055118795047 5.37466037872564 5.65043866609246 5.18147771220123 5.58114719551652 5.21888196234157 5.4045805893894 5.60069089369672 5.7682235850758 5.53672758248123 5.62686161849917 5.496544975005 5.43549558046881 5.41179136985033 5.48158450352302 5.58523619198822 5.67386838316109 5.11834079538356 5.36142561298389
"P_32" 5.86207708910959 5.76463858536882 6.05318911682369 5.92838099995089 6.12930891202882 5.94973193990327 6.00234924785363 6.05453032391907 5.89841305738473 5.97225608017446 5.82969478349116 5.82809636583301 6.23234774055307 6.16445903672794 6.04686218899481 6.03648117818612 6.06712927905099 6.16814672425348 6.0141848178403 5.98315295044572 6.02473024863767 6.04826657427653 5.92259727810315 5.67611446910748 6.27809297113438 5.93446310025399 6.16500826463792 5.87480698192799 5.92441420660183 5.98131155891837
"P_34" 7.09091164857572 7.38718785024466 7.23372683704998 7.35758002826952 7.09171650302248 7.20597193161365 7.17101037443802 7.24949805172467 7.17752178272463 7.20720548846156 7.34407941003846 7.31103691674729 7.38513168617149 7.38375095281978 7.27699593353676 7.39065961348569 6.9856524998911 7.37014106912549 7.35734319413837 7.45785919782294 7.24284771154954 7.45242742901811 7.32142364199036 7.33249653029519 7.35688370715476 7.40273372389597 7.2545256971951 7.43909890151934 7.1369311330757 7.34458817294741
"P_35" 6.95466463148363 6.86960188601099 6.96318993061565 7.01253378722027 6.87272241013235 6.8134584882411 6.95929020517885 6.85565996054836 6.8439105459028 6.97719994199623 6.91232803909503 6.94423411550046 6.90152653896051 6.93711987387589 6.80953156874752 6.81288596181923 6.85106489167259 6.85944213705296 6.91380988015992 6.8792174878756 6.90119788459809 6.79592518162169 6.91007906040978 6.84833090177323 6.88846026188871 6.948353539664 6.92213702376639 6.85384477663621 6.77797163247681 6.7002303204797
"P_36" 5.03263890391243 5.09879942102624 4.61139401134029 5.16496222512033 4.90075481604465 5.02918484961303 4.76319580859524 5.00666282077734 4.67126543294716 5.30086276009354 5.00908528866801 4.95833927244686 5.0496521001495 5.26486502636613 4.78232926899684 5.21136619804273 4.7205892488597 4.95360990918927 5.23118404480697 5.4388886969517 5.2427550446639 5.30285669982497 5.09432086401093 4.96619337549872 4.88376361007043 5.14962857323157 5.30025408730938 5.34160860319072 4.84844776858141 5.21412826182341
"P_37" 4.28072629664686 4.28072629664686 4.58175629231084 4.28072629664686 4.8515151793575 4.28072629664686 4.7279070814067 4.95949454017824 4.28072629664686 4.28072629664686 4.28072629664686 4.28072629664686 4.28072629664686 4.28072629664686 4.74084409464427 4.28072629664686 4.66203025136048 4.89416647122255 4.28072629664686 4.28072629664686 4.28072629664686 4.28072629664686 4.28072629664686 4.28072629664686 4.82873076967344 4.28072629664686 4.28072629664686 4.28072629664686 4.28072629664686 4.28072629664686
"P_38" 5.50692424213177 5.42113318615048 5.66822931877589 5.55576774819094 5.82527808186509 5.61208524618935 5.75002214490301 5.8425611900056 5.74838574108879 5.6242315455551 5.40689088061441 5.39741158523544 5.70581241463062 5.61694788692893 5.67307622774319 5.65665389667601 5.68533501275492 5.82566300006798 5.61496572796213 5.63009719715947 5.69338482927898 5.60076277259522 5.43802626813435 5.36989275477858 5.69733659501982 5.40649589717034 5.61463677208878 5.51415578111086 5.43288915534841 5.40352030001848
"P_39" 5.57775941740347 5.73462223642279 5.18868948577181 5.67954690243347 5.4133148551331 5.36493727994083 5.18389875910654 5.34674405460485 4.93906475283471 5.71536730484141 5.77259672170746 5.4918069675724 5.52688180648214 5.85872062118023 5.22415480016408 5.49027038478934 5.08386080086657 5.13355168154949 5.63987976601152 5.68991502716638 5.60101207838367 5.62977441631254 6.12460561358694 6.19001833273603 5.97952151499047 6.13944331454072 6.34506441845096 6.22044806507032 5.75753950449123 5.8018891897415
"P_42" 5.41448867223695 5.07756047854547 4.67357840087788 5.85258001624008 5.21041216534767 4.67357840087788 4.67357840087788 5.40925495953958 5.28495608149969 4.67357840087788 4.67357840087788 4.67357840087788 4.67357840087788 5.05806902740754 5.48512919017999 5.08316566009054 5.56537550271407 4.67357840087788 4.67357840087788 5.01889597038472 5.68008066464803 4.97460839654186 5.21758132054382 4.67357840087788 5.52121525568574 4.67357840087788 4.67357840087788 5.22142467121808 5.32222549889649 4.67357840087788
"P_43" 5.3446653413628 4.84591622413447 5.22689878251896 4.84591622413447 4.84591622413447 5.6611640713199 5.26459825998042 5.35351808939005 4.84591622413447 4.84591622413447 5.61689752494356 4.84591622413447 4.84591622413447 4.84591622413447 5.41177117762037 5.39906251089903 5.51423021647872 5.76533618860801 4.84591622413447 4.84591622413447 4.84591622413447 4.84591622413447 4.84591622413447 5.5649759949283 4.84591622413447 5.41273263125812 5.34794247524374 5.14694621979845 4.84591622413447 4.84591622413447
"P_44" 5.73998508399762 5.73998508399762 5.73998508399762 6.41959941481832 5.73998508399762 5.73998508399762 5.73998508399762 5.73998508399762 5.73998508399762 5.73998508399762 5.73998508399762 5.73998508399762 5.73998508399762 5.73998508399762 5.73998508399762 5.73998508399762 5.73998508399762 6.0410150796616 5.73998508399762 6.0813437066741 5.73998508399762 6.06162887539239 5.73998508399762 5.73998508399762 5.73998508399762 5.73998508399762 5.73998508399762 5.73998508399762 5.73998508399762 5.73998508399762
"P_45" 6.19442913965569 6.26039984808689 5.8300449792809 6.37190367497996 6.20380310354228 6.29078495816895 6.3699368555781 6.46078872946809 6.25617393636386 6.4077458439967 6.36665862644848 6.27059057108549 6.24448444382999 6.22502250100096 6.27910980488666 6.34785767961003 6.30334015014047 6.36099269001891 6.39109008373932 6.37376741939015 6.34191939734635 6.30644390018477 6.17984868734009 6.21902650022038 5.84764914745691 6.41082614145807 6.37904486285715 6.3876051403014 6.12240332192462 6.20696072915571
"P_47" 6.4043408376716 6.3050433841785 6.3736775998846 6.48658603185529 6.64318066375112 6.56753039655979 6.6560608108121 6.76809959749902 6.65468276313551 6.68624952140458 6.32789141051505 6.16610138218411 6.40593617643904 6.44795748265656 6.49145652779044 6.60943602825791 6.44883844278848 6.66563548545935 6.58159721262384 6.65080060941157 6.59050144093937 6.60562822200762 6.29140970240779 6.19365795182058 6.3914663514366 6.38667764052431 6.532281364567 6.657046286794 6.37891257099763 6.49479248253565
"P_48" 5.58290158313129 5.59806790504334 5.85528468239143 6.010400036414 5.43800092322757 5.36629218221054 5.53145336955662 5.32280416424781 5.36781048071261 5.63413655293655 6.06275228451371 5.91092681182879 5.70307116509487 5.84113663399399 5.47143254048737 5.63219602952134 5.37821978551935 5.65331383733383 5.80649201101787 5.80397031773082 5.77583827452958 5.81894142772065 5.99901520729926 6.05521544040032 6.01953874279722 6.02190178449117 5.71234659973153 5.85585580023801 5.59035802561991 5.84733138596641
"P_50" 4.56266156075661 4.68824179597771 4.67147831559762 4.87647187475384 5.28282595915353 5.30847904016173 5.39723588111391 5.38204587444648 5.27372333748966 5.30422978665877 4.64954903187113 4.4418678766638 4.56677913634119 4.60094024073866 5.22144553721765 5.34300858297774 5.12113617586388 5.42665762809581 5.3744403825293 5.2468923201536 5.31707042253265 5.20699039122439 4.62344571252377 4.65089007785631 4.60422605308447 4.53398800837798 5.28951760467289 5.1786748493953 4.85922238490383 5.0224819844788
"P_51" 5.75549601617634 5.92276281505164 5.50880973178999 5.86964527629069 5.66684825569699 5.69230216805383 5.47885208375759 5.69187152517616 5.26699327887777 5.9301571095556 5.98051467393035 5.84445356538958 5.98663426054534 6.28826197244232 5.65399835792609 5.90660760267005 5.56746749822533 5.69574952555223 5.92571731268209 6.15230424783346 5.8742411205576 6.09078340424749 6.04250542118356 5.85738979539535 6.07851989130255 6.10757862415291 6.14951962668404 6.02212058533441 5.63394490807547 6.04339018201899
"P_52" 3.92433098470868 3.92433098470868 3.92433098470868 4.43487216559694 3.92433098470868 4.75891945843802 4.58594551500909 3.92433098470868 3.92433098470868 3.92433098470868 3.92433098470868 3.92433098470868 3.92433098470868 3.92433098470868 3.92433098470868 4.67880053325442 4.22536098037266 4.96721557632752 3.92433098470868 3.92433098470868 3.92433098470868 3.92433098470868 3.92433098470868 3.92433098470868 3.92433098470868 3.92433098470868 3.92433098470868 3.92433098470868 4.69461397247084 3.92433098470868
"P_56" 5.52748425248544 5.64817063682336 5.34069589298092 5.64190026351621 5.4210623663025 5.36123472635339 5.26169338027946 5.52104388914433 5.17396089483844 5.71539155993065 5.65833389564458 5.51977550788746 5.63740866698678 5.8299531203687 5.37797430274104 5.61864732345703 5.30912745748008 5.44811552503144 5.65795985095649 5.8407520348318 5.59243325970333 5.72246280312127 5.68085834662738 5.5825780719215 5.58015601584166 5.71971982326968 5.72281648524582 5.73469984237029 5.151379044811 5.59418695776663
"P_57" 4.6999937317895 4.93646347400475 4.73290014138668 4.85829652453388 4.5618285756883 4.62059406175615 4.49521120445783 4.69948216970649 4.56578880726207 4.74513727550158 4.74298421708069 4.92157723798466 5.01721286625223 4.86724940196004 4.81262595906668 4.79328038282763 4.44526161375453 4.80781229271741 4.96147804698528 4.96598207082764 4.69362143947293 5.03919195742229 4.95263263975737 4.77940166432474 4.83722848117647 4.87690454531482 4.75671216016477 4.86508619960554 4.69517511051434 4.81034006987327
"P_58" 4.15636740013352 4.15636740013352 4.15636740013352 4.15636740013352 4.15636740013352 4.15636740013352 4.15636740013352 4.15636740013352 4.15636740013352 4.15636740013352 4.15636740013352 4.15636740013352 4.15636740013352 4.15636740013352 4.15636740013352 4.15636740013352 4.15636740013352 4.15636740013352 4.15636740013352 4.15636740013352 4.15636740013352 4.15636740013352 4.15636740013352 4.15636740013352 4.15636740013352 4.15636740013352 4.15636740013352 4.15636740013352 4.4573973957975 4.58044596178111
"P_59" 6.07072664711048 6.10014886049095 6.25917347525651 6.19117956546609 5.85564815286044 5.89137296327383 5.86040988384728 5.89624449608365 5.69884490951071 5.68480318637213 6.14963811244712 6.11397776042964 6.18295675404409 6.07549111994069 5.98086156214111 5.96668179998702 5.97687155281986 5.90750541189483 6.00381368360025 5.77835893824277 5.96587168195553 5.84997620678618 6.1814734227671 6.31768922126853 6.21300905573606 5.96664569133378 5.93456460036505 5.90069040746733 5.98451471187031 5.90012232517342
"P_62" 5.40166241721266 5.45842480365913 5.54052967969561 5.45029222761664 5.0406181611185 5.11775504899103 5.16978901626814 5.13293814478644 5.02811557381189 4.99123937021805 5.35659752505433 5.40806519448006 5.44678251452542 5.37664264369104 5.10730835334682 5.3380239759967 5.01753833051285 5.30549754298696 5.30980044560173 5.33882289947649 5.16414160641337 5.28508900867501 5.28523765867416 5.27765046459131 5.2470226676474 5.19484444670418 4.68803697579114 4.93008773490689 4.33505651943909 4.63608651510307
"P_63" 5.35912561807346 5.36265397212633 5.45507185287977 5.47819408355281 5.45966685106227 5.34291000156845 5.40492432766888 5.3455227180057 5.25206136012708 5.43847747664159 4.84850317388631 4.83448428533481 5.19254794030914 5.19055299187166 5.12506140747299 5.13787292886685 5.29042641318528 5.23294023265373 5.47392323507092 5.16229550277275 5.37811069919257 5.11073445100444 5.25828999561522 4.92164486443807 5.25632800467164 5.24139205946572 5.68043523556175 5.37973506638978 5.80409715985757 5.71028749395008
"P_64" 7.10076664091501 7.01469149280838 7.02032319733002 7.09681511798294 7.12297118847797 7.00719175565349 6.98884008715056 7.06549953275677 7.01191127539123 7.02948625097487 6.95750174115553 6.91704676370865 7.04037947958976 7.10858338953637 6.96619938443919 7.02228436611321 6.97539412206198 7.00381368360025 7.04505927025125 7.02324002751894 7.00777840790663 6.94942757881188 6.98861482299632 6.91328082615979 7.06181921256149 7.06573738392008 7.04154580618864 6.96407049880614 6.65823946067889 6.85536103642709
"P_67" 4.22224811685893 4.22224811685893 4.52327811252291 4.22224811685893 4.22224811685893 4.22224811685893 4.22224811685893 4.22224811685893 4.22224811685893 4.22224811685893 4.22224811685893 4.22224811685893 4.22224811685893 4.22224811685893 4.22224811685893 4.22224811685893 4.22224811685893 4.22224811685893 4.22224811685893 4.64160299156755 4.22224811685893 4.70481946718017 4.77463373509993 4.22224811685893 4.81783630593938 4.22224811685893 4.22224811685893 4.64594271772949 4.22224811685893 4.98821995005562
"P_68" 5.95302187583522 6.12696962748157 5.93882982478403 6.01883442707794 5.2188845859622 5.26475645097484 5.03606170698375 5.2417580977867 5.03334734510662 5.596031595047 6.17440146567446 6.0481270396639 5.76626111500301 6.14390590753841 5.31388197769791 5.58098994400611 5.17832933714299 5.22001127667314 5.81125184563672 5.7152384792519 5.55908631438888 5.74832759923105 6.17803226483719 6.33334649842439 6.17610776193244 6.1457192963713 5.85325213142369 5.75909344098916 5.36205060455287 5.82476996101248
"P_71" 7.25759333921265 7.34096741184106 7.27993756386043 7.31044513081169 7.25700633806902 7.26275072073339 7.31737397202969 7.39120361579901 7.24139711638197 7.2177903427258 7.31658886884495 7.25079267685751 7.42070148338994 7.40370669761363 7.21003831887947 7.30267935025668 7.19819734364452 7.28744243772234 7.32716258890309 7.28627705604744 7.29661011033232 7.23979731818382 7.21745770150599 7.31142080958895 7.37037600707029 7.25929705735791 7.24048994057294 7.26353428738319 7.10832893878971 7.19313016619674
"P_72" 4.21406194415994 4.21406194415994 4.21406194415994 5.89862207924782 4.21406194415994 4.65258474602666 4.90897801170526 4.21406194415994 4.21406194415994 4.21406194415994 6.11901656537044 5.97496417324651 5.34203361563322 4.21406194415994 4.21406194415994 5.82518455949985 4.51509193982392 5.76659872106426 5.86513833764718 5.96388506065927 4.21406194415994 5.47064859666743 6.00527062355108 5.98345668524247 5.79776112302669 6.12016609517779 5.92455011863064 5.83688087113536 4.21406194415994 5.77718241767068
"P_73" 5.79238188273794 5.58525086381314 6.19893818789579 5.52315573680889 6.014826201364 5.91428761042411 6.13244989191767 6.06195170609587 5.77283346175829 5.65287652944531 5.54942018083649 5.46568912925789 5.85356985088202 5.88667004612726 5.96848108061666 5.79243161473635 5.74970463100803 5.94981092186099 5.56958690749775 5.49255785724365 5.73455902133094 5.42192788182187 5.67208122506259 5.58701351414107 5.11194434486702 5.412974340531 5.4952375868102 5.5955017331419 5.50759818580304 5.56934932621276
"P_77" 4.481829451264 4.24699069924155 4.57783634129274 4.5909866497385 4.8855364858193 4.74458241631027 4.63026511123341 4.708021267386 4.74082831932709 4.61793296725328 4.36400661370567 4.2215446370272 4.57613394523318 4.51760491892593 4.64447797947121 4.48438526592449 4.60528349253025 4.58345949916559 4.53794495929149 4.42135709851314 4.68893568517648 4.34340859380386 4.39075852873872 4.28587222706926 4.42170261894659 4.34222522936079 4.83688719380192 4.53412768352868 5.08332341847353 4.93714160796616
"P_78" 5.67450750128672 5.74618722163094 5.84550794458624 5.86644625587688 5.82467307768207 5.72612954120156 5.81859337035952 5.78123606444012 5.69582652346602 5.80816909492093 5.79524791967667 5.75228436321096 5.83866085567455 5.86654488500889 5.70878280302059 5.6736658762457 5.70034800371643 5.69546416426286 5.87211546463817 5.68512522987499 5.87522973696892 5.60000745016847 5.97041429358796 5.90817715048201 5.98678561355883 5.89838397288047 6.01658294289771 5.8682187505341 6.12241872016688 6.26665496277322
"P_83" 5.74536760729058 5.86758650477246 6.15825511157436 5.67153938439907 5.62584315962924 5.58464326140152 5.64898514009797 5.7000968382757 5.3641681222088 5.8859359404836 5.90668944526193 5.73464303937739 5.7056678936633 6.00677742456766 5.6306424265528 5.75083303010831 5.24544110203172 5.5399813991282 5.6796894847834 5.81695547497907 5.83800170504108 5.75034097021669 6.09548144293142 5.97345991569691 5.71822591152143 5.94466178168515 5.82412778726065 5.92410605074012 5.32984516551087 5.65814595937308
"P_84" 3.30243916406986 3.30243916406986 3.30243916406986 4.00251163128491 3.30243916406986 3.30243916406986 3.95525468282018 3.92184248140586 4.02575631453441 3.97639583661188 3.30243916406986 3.30243916406986 3.30243916406986 3.30243916406986 3.30243916406986 3.30243916406986 3.94679602727146 3.30243916406986 3.92711361193376 4.16958627332191 3.88349109018893 3.30243916406986 3.30243916406986 3.30243916406986 3.30243916406986 4.06201759885711 3.30243916406986 3.60346915973384 4.02354052155485 3.852845818015
"P_85" 3.41237653650371 4.2586612233256 4.29223391290947 3.41237653650371 3.41237653650371 3.41237653650371 3.41237653650371 3.41237653650371 3.41237653650371 3.41237653650371 3.41237653650371 3.41237653650371 3.41237653650371 3.41237653650371 4.11494441571258 3.71340653216769 3.41237653650371 3.41237653650371 3.41237653650371 3.41237653650371 3.41237653650371 3.41237653650371 3.41237653650371 3.41237653650371 3.41237653650371 3.41237653650371 3.41237653650371 3.41237653650371 3.41237653650371 3.41237653650371
"P_86" 4.72288883121262 4.75405003813597 4.70996495434278 4.85015592242209 4.71518409334419 4.68239781457553 4.33501636090359 4.6604480513213 4.62241091377381 4.96543219704932 4.81097811116707 4.53407689776216 4.72085361927231 4.95718571631565 4.54030444268724 4.6735830052839 4.44762309776029 4.3088630883653 4.69582302385698 4.80475260215046 4.83017791546481 4.67251347286851 4.84790565505521 4.72778517418291 4.83119766506939 4.89292342512858 5.04284710763687 4.99516994330661 4.54583883251026 4.9974169674389
"P_93" 5.02573584970007 5.10919368667743 5.29906253478694 5.50011841413574 5.13380706627468 5.06410591827115 5.11247093933814 5.11951651975055 4.94009294095887 5.23589441301836 5.79940120857337 5.69918275651212 5.1607205708691 5.33341704413035 5.06328455907733 5.41550586727949 4.98819763769494 5.50890930821039 5.3718765598601 5.59097885324 5.38003748916602 5.57408337993888 5.72657807293479 5.66403711438758 5.79695365485936 5.79870311664838 5.35486683110109 5.7809930755396 5.36818271613199 5.60723835810272
"P_100" 7.64275572635523 7.60160949209294 7.62240201416308 7.68698376238467 7.47052062373553 7.65984150830086 7.65180370581685 7.66138401746953 7.64302481404216 7.6414368765843 7.666382345309 7.16949062807155 7.67686880981875 7.64108892479135 7.61812739269138 7.66298719188655 7.65654917386853 7.16949062807155 7.66362658024662 7.63470225904066 7.64798853525219 7.64481312262776 7.16949062807155 7.65703232952994 7.67498816936237 7.69660894883872 7.65975015760388 7.67815859416029 7.16949062807155 7.16949062807155
"P_102" 4.38838542571803 4.38838542571803 5.02603045031525 4.93340629298053 4.87900981526319 4.38838542571803 4.38838542571803 4.38838542571803 4.38838542571803 4.38838542571803 4.38838542571803 4.38838542571803 4.38838542571803 4.38838542571803 4.38838542571803 4.38838542571803 4.68941542138201 4.38838542571803 4.83923286262244 4.38838542571803 4.38838542571803 4.38838542571803 5.07218002243157 5.16911578023571 5.31604586836501 4.94663891257261 5.19681430305867 4.87389579174969 4.95854954983422 5.10946379971579
"P_103" 5.95340689555989 6.20338132566522 5.67060390558561 6.1587387176387 5.86239438189587 5.89551149546867 5.94930899584929 6.20376398674782 6.17188171907369 6.26872396014304 6.20788792348856 6.18913616459592 6.09003079149272 6.05559962754157 6.14328622757919 6.35443346185911 6.07915663532967 6.22785021206489 6.12319447769835 6.42380632563133 6.0595865140294 6.29379773616041 6.15027553401053 6.29282316429713 5.78369495353176 6.17666125825765 6.24791903750705 6.43448267524642 6.19998377970237 6.45657553726848
"P_105" 6.31783715062942 6.49843903080223 6.47242877703487 6.53853615867154 6.59185552728268 6.5309793188712 6.65951165218588 6.58679652570191 6.32682785084655 6.35898141564696 6.48012398536581 6.43325461353871 6.48349058614955 6.58766124836053 6.55210923461143 6.37274855971871 6.52359404691454 6.60316061774585 6.7080732404436 6.39513935275974 6.64905968592425 6.25024429709254 6.39574755056334 6.3874989202246 6.4191020083737 6.47587797364977 6.56654755451506 6.38526656895753 6.11726002374431 5.78630199293654
"P_108" 5.93231341141354 5.84467346479425 5.77302027068367 5.91410928397498 5.6158091196866 5.64069703997176 5.434065661248 5.67411034712412 5.37044461851815 5.38013342364552 5.83481857166397 5.57302369475569 6.15485379405685 6.11244311624716 5.544040744982 5.63748272470631 5.48369282697615 5.6419953475807 5.75867046652564 5.55729421305704 5.62479963966516 5.40432560271934 5.66904896751636 5.83354423640148 5.71556297969736 5.77165361206153 5.35378740380124 5.23915427283774 4.62946056964229 5.11250781056778
"P_110" 5.48145481150996 6.03720331683427 6.02128979559303 5.90594475581305 6.00090412792587 5.88334738065031 6.011824518224 6.00336099488499 5.48145481150996 5.85541374923742 5.48145481150996 5.48145481150996 6.08076605914665 6.11408864961393 5.82952247349451 6.01950677208738 5.78248480717394 6.07467238306371 6.05543567281142 6.0487951552725 5.93411195922755 6.00685993767426 5.48145481150996 5.48145481150996 6.02481024102849 5.87842642407248 5.48145481150996 5.85618674107158 5.48145481150996 5.48145481150996
"P_111" 5.60143089464676 5.0697938539356 5.0697938539356 5.84745913552095 5.0697938539356 5.59093318522357 5.0697938539356 5.86204606308883 5.75674713957582 5.87500451187155 5.77818092615933 5.65146797628276 5.0697938539356 5.0697938539356 5.0697938539356 5.43622309408048 5.0697938539356 5.37082384959958 5.0697938539356 5.62284065459176 5.0697938539356 5.0697938539356 5.8263767592394 5.78530705175182 5.0697938539356 5.86792275747038 5.82989144194546 5.59140300213707 5.63193663670945 5.82893301666133
"P_112" 5.36882593095885 5.45915416360134 5.44985930043995 5.30920204868146 5.56385470267724 5.26245108973043 5.37697639722266 5.54559778613355 5.42740495531027 5.50337661261453 5.67074111171603 5.26984670900172 5.65615763780844 5.77343682152401 5.10692487033567 5.45182786800373 5.26130808065907 5.21507152814559 5.34860078355867 5.48607326115447 5.54748672066629 5.30849825063991 5.54572636085008 5.6063319129235 6.08032807750074 5.73420676883358 5.69736710911549 5.90937628398846 5.60810437075235 6.05107916874039
"P_117" 5.62301036272172 5.67307899358893 5.64479789087924 5.79284536024107 5.7228970515827 5.77749279533783 5.74641699739171 5.84091305670938 5.73267676325711 5.65326848590155 4.99409708958821 4.99409708958821 5.89520700293212 5.72814998109791 5.68768053653039 5.37453756125684 5.69627773673571 5.80809140728605 5.80361209561416 5.3207650783477 5.72390369188156 5.44160559734995 4.99409708958821 5.66618370726722 5.29512708525219 5.61768900128885 5.67307346187983 5.65811160689835 5.67967495624006 5.68182804309055
"P_120" 4.92783726088545 4.8536556317985 5.06909062679381 5.31219852037253 4.5614710924201 4.61604468178998 5.11738068430512 4.82427556482026 4.56672025134905 5.00274041976352 5.17765191169825 5.27422945574809 5.18191786880599 4.26044109675612 4.69747345577641 5.35345650835412 4.68039897561208 4.59667405238678 5.01443232685873 5.03282014943856 5.24456902694618 4.91984658419956 5.54163664689465 5.51765898641674 5.73823576380341 5.58338129804024 5.60293854841468 5.43101296994131 5.97447070224635 5.91970866948354
"P_122" 4.78041813165984 4.78041813165984 5.204971450347 4.78041813165984 4.78041813165984 4.78041813165984 5.08144812732382 4.78041813165984 4.78041813165984 4.78041813165984 5.21607613001508 5.0927241527029 5.19356980032262 5.25131937751321 4.78041813165984 5.26131997773646 4.78041813165984 4.78041813165984 5.20913685289934 4.78041813165984 4.78041813165984 4.78041813165984 5.52506036357548 5.47674760077099 5.69573989985308 5.5569257484788 5.60094568340052 5.44432746398476 6.0396314103572 5.91897918755205
"P_123" 5.0250968619762 5.20589694973336 5.24139953272018 5.38512882348334 5.00839574978502 4.616176078334 4.616176078334 4.616176078334 4.616176078334 4.616176078334 5.47948317296804 5.52636254254249 5.15203442198302 5.3268845279818 4.616176078334 4.616176078334 4.97327567337032 4.616176078334 5.22440614824015 5.13753133825828 4.616176078334 5.21589388804994 5.49098747902292 5.38001033405025 5.4614790176086 5.45943621659922 4.616176078334 4.92411380902353 4.91720607399798 4.616176078334
"P_124" 4.5901281947206 4.5901281947206 4.5901281947206 4.5901281947206 5.27937716567569 4.5901281947206 4.5901281947206 4.5901281947206 4.5901281947206 4.5901281947206 4.5901281947206 4.5901281947206 5.13663496783787 4.5901281947206 4.5901281947206 4.89115819038458 4.5901281947206 4.5901281947206 4.5901281947206 4.5901281947206 4.5901281947206 4.5901281947206 4.5901281947206 4.5901281947206 4.5901281947206 4.5901281947206 4.5901281947206 4.5901281947206 5.41880656909479 5.43085196031439
"P_125" 6.72016741016062 6.68145019131949 6.88929800398272 7.02805976097491 6.69908090898478 6.74240144954472 6.8874144509482 6.79353769424116 6.68632151513424 6.94513012704691 7.05311576045907 6.95622641260459 6.74450452299662 6.86180852126547 6.66446878725468 7.02827251151478 6.57184911071946 7.05983216566634 6.95698988210164 7.11615292443455 7.00706388726109 7.01510816064584 7.02202969316152 6.97521571048387 7.1276986302016 7.1596381362397 6.98929066585849 7.09521194159734 6.83947044244042 6.98911221831286
"P_129" 5.15061523283483 5.50189416779929 5.49236082192497 5.52418833812433 5.31152712134261 5.26269545993672 4.77397284452436 5.25122684490668 5.25819174680589 5.43774263766629 5.6265015295103 5.51858894790153 5.4518677622114 5.47889678005756 5.12636197363321 5.50384785913106 5.07500284018835 5.4947763590892 5.55367067995063 5.3223909105454 5.52381667641161 5.49002031630776 5.63964483843058 5.55857898268196 5.51254165313751 4.77397284452436 5.48124621992467 5.37594695580547 4.77397284452436 5.57544649651767
"P_130" 5.93924960683457 6.56492313308899 6.55569756586032 6.59211010862751 6.54367464359292 5.93924960683457 5.93924960683457 5.93924960683457 6.56254896318424 5.93924960683457 6.55838813017207 6.54930287092101 5.93924960683457 6.56984704448831 5.93924960683457 6.24613528582516 5.93924960683457 5.93924960683457 6.57633708787829 6.25500702179176 5.93924960683457 6.24027960249855 6.55974579862683 5.93924960683457 6.61151131207213 5.93924960683457 6.59089063167661 6.27489114131814 6.59787007487351 6.58043728904208
"P_131" 5.9579229575464 5.9579229575464 5.9579229575464 5.9579229575464 5.9579229575464 5.9579229575464 5.9579229575464 5.9579229575464 5.9579229575464 5.9579229575464 6.47921917803335 5.9579229575464 5.9579229575464 5.9579229575464 5.9579229575464 5.9579229575464 5.9579229575464 5.9579229575464 5.9579229575464 5.9579229575464 5.9579229575464 5.9579229575464 5.9579229575464 6.40074981817242 5.9579229575464 5.9579229575464 5.9579229575464 6.25895295321039 5.9579229575464 5.9579229575464
"P_132" 6.06412914876632 6.13491592731607 6.30510340682202 6.44933427899058 6.08932955484963 6.10889332635829 6.2848007980784 6.17065152510891 6.10297846177416 6.36616267614332 6.45389309390626 6.34829434637284 6.13935415413999 6.18064476783769 6.02273511477462 6.40463191088638 5.88798730558787 6.4496218546634 6.33272035682443 6.55076507838076 6.39903981201817 6.40849402111835 6.45555971437072 6.35657268557099 6.5649478500519 6.60811497084924 6.4152668986236 6.49850215257642 5.87306064500207 6.24669057332659
"P_134" 6.65974453905138 6.78711573603964 6.59043275024169 6.85367272511967 6.75335773412395 6.68690284067179 6.76143435591265 6.81530752513721 6.76810085681005 6.84196443288915 6.78358795824312 6.6795658858424 6.8293214659495 6.82170894969999 6.7215505375268 6.76118484518275 6.68526079347364 6.75122211834473 6.79860569467588 6.78610659826966 6.82867465198738 6.7270357499628 6.77653883790144 6.73465792087968 6.62431335153468 6.82157935538473 6.81091092592755 6.82048257580312 6.67516641681227 6.78887511577542
"P_135" 5.83170856290594 5.84257304689569 5.84364195611915 5.96588154763477 5.6533842674036 5.72338424154892 5.70820667468644 5.91538505944999 5.8059227140398 5.72455929764422 5.79016407964973 5.75628305297523 5.99735361446267 5.9930537948367 5.88127278728025 5.89758310987546 5.68407389386866 5.90148883536927 5.65025408316296 5.85552339562112 5.78723512137079 5.79614329370058 6.07453888605346 5.89032207558328 6.17988255620928 6.04637730743378 5.99162340627889 6.11291318762602 6.50780704454045 6.57829002979273
"P_136" 5.38504830264992 5.40531049481703 5.39253516161913 5.62080832631114 5.68972696597968 5.38772609635375 5.43008473511306 5.51845866251701 5.55574842200254 5.64935043850379 5.5344677950586 5.26081763753577 5.44754872059213 5.74417089400092 5.39706532795028 5.49293909724916 5.35130919124985 5.48989944509477 5.50312443559384 5.54001772221499 5.62630237778013 5.43037018515405 5.60494819616526 5.53579523203618 5.69294204841974 5.74673692311694 5.66592135198876 5.68771351944324 5.62791656961342 5.75560200256663
"P_139" 4.72393977592971 5.03400242909942 4.88916719048317 4.74868408015197 5.06798908548543 4.80433710382603 4.38481918395196 4.83314073456079 4.85535558301256 4.66049550638236 4.64052118750653 4.4375127452648 4.95328117288182 4.88862872538523 4.63255851453267 5.02132577017706 4.8315306491623 4.61124521483483 5.08785592272654 4.61626540528171 4.79294471247082 4.65203349423032 5.15817244668395 5.06539669741243 5.23494225892555 4.38881141347352 5.53963555141642 5.12498650637402 5.37234852694495 5.84543293802766
"P_143" 5.29337360532103 5.28348214704897 5.43502371700407 5.38679493401638 5.50356462773362 5.39622725267191 4.98222372948271 5.59555904668599 5.35570049278188 5.47539076725904 5.38325688479734 5.38119994493607 5.41980545329326 5.42375853038166 5.37310150539795 5.44118593521133 5.37195587143077 5.41266210737258 5.54560767784789 5.52220289174856 5.41985665859727 5.4759165897725 5.50493141892274 5.40687556467646 5.52772525476955 5.47432409562679 5.56128985518742 5.28325372514669 5.86493389698213 6.02178036439687
"P_155" 5.59482000397795 5.64478608295467 5.67079672347654 5.87742836487684 5.61828767745157 5.74797004954583 5.78443041309719 5.80452583020613 5.7166876532154 5.61579860054137 5.68124123737559 5.67520256579178 5.7806887883018 5.69979784869488 5.67802644640465 5.75761843386931 5.76771748727021 5.7651229230201 5.84554265398085 5.45090313742754 5.14987314176356 5.63058549429889 5.14987314176356 5.71045078879565 5.69247412937421 5.74919891085095 5.72907322168861 5.66722500522193 5.62234356643688 5.74997966866028
"P_157" 3.97278120373542 3.97278120373542 4.4414280370236 4.46817003117234 4.61494991847624 4.42810238278344 4.44233863962568 4.59517644575204 4.56355227537603 4.65968806428353 4.36349916147823 3.97278120373542 3.97278120373542 4.49987944895643 4.38235929751932 4.45745798798203 4.2738111993994 4.37868854474811 4.46766728989579 4.56293490750118 4.66239891840758 4.42460399127658 4.61386295491332 4.48468412668768 4.7559129500089 4.58103894877217 4.84483117714481 4.79938190886335 4.88793221839722 5.24004227559544
"P_160" 3.53794495929149 3.53794495929149 4.52071928474979 3.53794495929149 3.53794495929149 3.53794495929149 3.53794495929149 3.53794495929149 3.53794495929149 3.53794495929149 3.53794495929149 3.53794495929149 3.53794495929149 3.53794495929149 3.53794495929149 3.53794495929149 3.53794495929149 3.53794495929149 3.53794495929149 3.53794495929149 3.53794495929149 3.83897495495547 3.53794495929149 3.53794495929149 3.53794495929149 3.53794495929149 3.53794495929149 3.53794495929149 3.53794495929149 4.69668831799811
"P_165" 6.12997331538286 6.21528162919945 6.07038996438591 6.0057886138201 6.01971059692965 5.97773457680033 5.90673843574963 5.97081718466967 5.81284854170694 5.91096999563579 5.89997144002007 5.8698252410314 6.33021525134547 6.32395959894776 6.01422811058014 5.81462843551626 5.96665178781056 5.89945168783149 5.91003017820503 5.71696524211146 5.93671877757698 5.67082638017064 5.98995145834775 5.90167623132638 5.96392470294755 5.89239293845647 5.9538770658142 6.17358831473165 5.525437439136 5.64065035162742
"P_171" 3.53205333851436 4.29424571613812 4.1663412919835 3.53205333851436 3.53205333851436 3.53205333851436 3.53205333851436 3.53205333851436 3.53205333851436 4.16527401031123 4.20441845752325 3.53205333851436 4.20631305193596 4.12729921505771 4.13751235312213 3.95808584852109 3.53205333851436 3.53205333851436 4.19253957731472 4.19462532948386 3.53205333851436 3.83308333417834 4.09068120445739 4.14342078512994 3.53205333851436 3.53205333851436 4.16115829220618 3.53205333851436 3.53205333851436 4.12975432280277
"P_176" 5.29080896921624 5.56434170149658 5.70089227420841 5.55941103130906 5.52743397311799 5.49499314155647 5.63813768559248 5.48845059162127 5.19838763085353 5.32301890086815 5.65677739423531 5.64949160488765 5.53533843354538 5.54075479995045 5.54270096944811 5.4390009240795 5.60605552204275 5.56562943638763 5.90099217196505 5.43463116973509 5.70683977720648 5.39032560808131 5.55633265905916 5.6179758827104 5.51188336097887 5.47510580188636 5.60615125708372 5.43544459291195 5.15891405759961 5.05046482788073
"P_177" 5.14148426473333 5.3324384599156 5.1694069579474 5.32237437221527 5.07099042100548 5.26259345802605 5.53358523854539 5.18971764819704 5.10610926807668 5.38903488989065 5.30794507584593 5.35200490360843 5.2724287843048 5.17258833773611 5.3383568733537 5.76961951803919 5.17684049420741 5.31797563202976 5.4225011992793 5.34253716155018 5.37907516272746 5.21382577104644 5.43724782175982 5.47955803593757 5.23184153788414 5.68669703049467 5.77601579445229 5.50729713381058 6.50234448691561 5.97217274230288
"P_178" 5.36967959955982 5.38566167388742 5.50516490693614 5.51134583960716 5.44369784666816 5.37617714916904 5.43803102013971 5.47312624639206 5.37229877335471 5.37532701962257 5.41395490344372 5.34848594361836 5.5402205746258 5.47516978998291 5.37054084506968 5.3708035090203 5.40946477917249 5.37243327919545 5.49676917843082 5.3282531706806 5.47632576772498 5.30857721812378 5.39292195445339 5.41697649796919 5.41029966861536 5.42291142037851 5.44655735912306 5.23363058016446 5.15120431480806 5.10474310570938
"AP_M1" 5.90336133625532 5.83875403908011 5.66994601216059 5.76584432278389 5.92319426366781 5.99730511042111 5.89722944739092 6.09280202342413 5.96606801379767 5.73337142962965 5.41652567867539 5.58030329604109 5.80459666659309 5.70189595642055 5.85317966858018 5.77973714526272 5.83263981998781 5.78562875454601 5.58553404576464 5.64538886079629 5.70822793193333 5.46704693361215 5.26903402235069 5.37220662202271 4.60397750503325 5.35185039714723 5.47838899014998 5.46974251072823 5.54871118053345 5.51566591518317
"AP_M2" 5.05587122048443 5.13852689416586 4.90978060624277 4.48992334090935 4.48992334090935 4.89024771358407 5.10381739930691 5.0600894020727 5.03745837159532 4.48992334090935 4.48992334090935 4.48992334090935 4.9317069845872 4.48992334090935 4.48992334090935 5.09867832957644 4.48992334090935 5.18660039572558 4.92201922039814 5.0813437066741 4.92307814658323 5.02436661036093 4.97725248319611 4.48992334090935 4.90837240941482 4.79095333657333 4.86366777900575 5.07407004141254 4.48992334090935 5.00993506388562
"AP_M9" 4.66139616871725 4.74044953970589 5.27045522754204 4.57908587952562 4.0037081989048 4.0037081989048 4.54831569852736 4.5162973390957 4.53170877681046 4.0037081989048 4.0037081989048 4.0037081989048 4.0037081989048 4.48599100277068 4.69234450331203 4.30473819456878 4.6043124712485 4.62167470701938 4.0037081989048 4.62656105198975 4.0037081989048 4.0037081989048 4.0037081989048 4.0037081989048 4.0037081989048 4.6034475148146 4.38628488676786 4.0037081989048 4.0037081989048 4.59272621981344
"AP_M11" 5.54154180315326 5.65485201349042 4.2973227142053 5.22224551347934 5.23992481326215 5.53936595009688 5.13987908640124 5.35980893077391 5.35319084006637 5.35343148856384 4.2973227142053 4.59835270986928 4.99620948721627 5.21656701038159 5.241421951712 5.15554250603425 5.2122542088795 5.17602466212923 5.03127916664897 5.31118997156445 5.28017985669086 5.00720136669091 4.85488269342193 4.97953471743018 4.2973227142053 4.8228020526289 5.1241747925437 5.34475370779074 5.23130134519443 4.9940002264951
"AP_M12" 7.64664201302374 7.63545054011317 7.5835500815324 7.60896993158368 7.60169523712147 7.65653651272526 7.57080711370216 7.62403560246324 7.61840390495554 7.65133136690002 7.38130867330278 7.58009491986311 7.60299095618054 7.52727743809738 7.52969553440311 7.58839940986941 7.40469278742484 7.55901304577486 7.46300468767681 7.59879050676312 7.5721942716261 7.44870631990508 7.36103717431229 7.3679607533281 6.97454365342452 7.46612304935086 7.51727083038414 7.44715803134222 7.36871302832674 7.31907498062623
"AP_M15" 5.04014723958338 5.05005091379903 4.30069328694902 4.30069328694902 4.30069328694902 5.28527368737654 4.30069328694902 4.30069328694902 5.37569469919024 4.91705365031724 5.12640742298028 4.30069328694902 5.38864639280047 5.16016528952847 4.30069328694902 5.21691767633127 4.30069328694902 5.25664078775606 4.30069328694902 5.09353724815577 5.03308986381771 4.601723282613 5.08957661823878 5.03365290599855 6.52515200620446 5.27058102154726 5.103711380817 5.13357722678107 5.10650706552322 4.96003769422193
"AP_M23" 6.11028559771009 5.95591902387878 5.4406226050073 5.49279390242044 5.80641809207333 5.97420025228216 5.78154643234209 6.13579392974116 6.0735907919698 5.91002750688775 4.88524810778139 4.88524810778139 5.81880500665497 5.80093417125462 5.82114064807319 5.83483000656809 5.68958054122676 5.93813128824798 5.35428135384973 5.62822028886605 5.55537622515454 5.36412868962818 4.88524810778139 4.88524810778139 4.88524810778139 4.88524810778139 5.28869626059026 5.38947441260318 5.18627810344537 5.3764473792899
"AP_M24" 6.94273348791689 6.79917658957445 6.34328252177963 6.42130047276305 6.72118988062879 6.89616843857253 6.67683868546308 6.96014438702523 6.95142543752617 6.80052118928931 5.87214111589786 5.81591694989236 6.78834905381139 6.72618999766654 6.73412210559824 6.71342425982593 6.61910189115476 6.7879857027057 6.23933677428502 6.56348108539441 6.56463245542229 6.29795431415334 5.80464638138743 5.92048178445854 5.50361638572345 5.991852691476 6.15701892856644 6.31597160427968 6.14280385063068 6.27327843719928
"AP_M25" 4.38443854400182 5.11841023832187 5.02785904417558 5.22735443207394 5.06823040248585 4.38443854400182 4.38443854400182 4.38443854400182 4.38443854400182 4.38443854400182 4.38443854400182 4.38443854400182 4.38443854400182 4.38443854400182 4.38443854400182 4.6854685396658 4.38443854400182 4.38443854400182 4.38443854400182 4.38443854400182 4.38443854400182 4.38443854400182 4.38443854400182 4.38443854400182 4.38443854400182 5.10053940458442 4.38443854400182 4.38443854400182 4.38443854400182 4.75281259464763
"AP_M28" 7.85500938132016 7.8214492703394 7.79425135790572 7.80236804161166 7.8526683585113 7.90077368922316 7.85903857832144 7.95201241919825 7.85128120057115 7.84331572852195 7.64838700471588 7.67134889538187 7.66764756660337 7.84537067274439 7.79339245991936 7.80316688812912 7.74503124278474 7.83604884025474 7.67473443313824 7.78438456539831 7.73955422078126 7.73111904617851 7.57884221523807 7.56909881225559 6.73630804063026 7.69517783552514 7.69928922372193 7.69019608002851 7.47285916170685 7.49692964807322
"AP_M30" 6.64503231011615 6.5131800306381 6.64662885396304 6.61466936249122 6.54242815829713 6.46955443760747 6.67223828791262 6.73840157426402 6.50685800686858 6.40731678762062 6.56576614474919 6.58759626021859 6.19669172456894 6.59105157799661 6.62085147846777 6.52244423350632 6.53463622929478 6.64246452024212 6.47360388537802 6.62790940868451 6.14992665160482 6.61909333062674 6.44491173790251 6.45917407923464 5.38229266901694 6.5760250179587 6.54284284816491 6.46089784275655 6.02637635087298 6.28722826185066
"AP_M32" 6.47202967777709 6.4471105665659 6.396113700663 6.41348534758639 6.51450830577372 6.56289581757534 6.49695108564751 6.57506620233796 6.45909229861284 6.32895807342853 5.64416571561642 5.64416571561642 5.64416571561642 6.43476221784845 6.37181033282493 6.11833186620013 6.30027323001517 6.36850184001445 5.64416571561642 6.37106786227174 6.28263978334256 5.94519571128041 5.64416571561642 5.64416571561642 5.64416571561642 5.64416571561642 5.64416571561642 5.64416571561642 5.64416571561642 5.64416571561642
"AP_M35" 6.66370422262374 6.83151535029729 6.47876152360397 6.70357576936903 6.91543898855126 6.95148376493952 6.70423779611017 6.84521168621361 6.89794637275131 6.8261134337455 6.0711117400908 6.20336582731071 6.73815307292388 6.19118907324138 6.37226836557671 6.45420788502663 6.1608318418748 6.4146809359583 6.12096692145556 6.1355114200244 6.77719344422873 6.19244339130217 5.80543424763692 5.84787175048075 6.30299161001199 5.92360767865348 6.62566129011109 6.21748394421391 6.31452617318363 6.16061107156645
"AP_M39" 6.72904169513815 6.70990058706646 6.67425849499984 6.71640796765398 6.79572976020692 6.82791419035902 6.74127753387263 6.82352437228996 6.74434486060816 6.64963622849903 6.41253009618017 6.42659453382063 6.55287424422433 6.71133591144817 6.64811468731549 6.606554188523 6.59533360652175 6.55332585048056 6.55552526302678 6.66071060259945 6.58106698157053 6.5327543789925 6.41183511646149 6.44201245518342 5.77085201164214 6.54544431205257 6.52634380126714 6.51321760006794 6.39523358219931 6.07188200730613
"AP_M41" 6.25972309690738 6.33641129830686 6.0649384424344 6.24923652469374 6.13267904877529 6.22334197665822 6.12353020943775 6.06003191539106 6.17025027099769 6.21595464386913 5.92080815703773 5.93027797860647 6.3278883486525 6.08260264106096 6.08869269238403 6.2148438480477 6.0569349461394 6.13033376849501 6.14754462495095 6.16136800223498 6.22572941346131 5.99223441729772 5.78016387753585 5.8247894651097 6.09471633271869 5.99753360012765 6.06828532977432 6.07554696139253 5.9796612583881 6.17228263769559
"AP_M44" 7.3931750117911 7.39428954314396 7.19137437736438 7.38803262240797 7.38514075718991 7.36805524281176 7.28694967746124 7.35845903635425 7.40659023211759 7.40395084297385 7.0132531891789 7.079707472977 7.33057003036665 7.2339042832846 7.29323209206276 7.34242268082221 7.1497341083713 7.164753619811 7.17440643590428 7.31175386105575 7.29985470425371 7.13987908640124 6.82776293246955 6.94300588241962 7.02888592083939 7.06973922807837 7.20157061625649 7.02862004708413 6.94162565594332 6.85733249643127
"AP_M45" 5.99496349304052 6.00744264081618 5.91838214062921 5.9614870638459 5.83840764844225 5.98379537199406 6.00378182561724 5.92164902572204 5.91926066697505 5.89678847860824 5.5793593809389 5.84202292085035 5.72634570977437 6.0148782433395 5.90783792080184 5.86318719627339 5.86288537073889 6.00432137378264 5.84638412722109 5.93956517558404 5.85764784859713 5.8787210886368 5.75654863207165 5.81220722139157 5.27832938527492 5.80964387207801 5.91676968428314 5.86160609041498 5.74353955285901 5.86335379506396
"AP_M49" 4.70655137045038 4.70655137045038 4.70655137045038 4.70655137045038 4.70655137045038 5.33750318770638 4.70655137045038 5.33982296686904 5.27472114259694 4.70655137045038 4.70655137045038 4.70655137045038 4.70655137045038 4.70655137045038 4.70655137045038 5.00758136611436 4.70655137045038 5.01468431333617 4.70655137045038 4.70655137045038 5.22135163232372 4.70655137045038 4.70655137045038 4.70655137045038 4.70655137045038 4.70655137045038 4.70655137045038 4.70655137045038 4.70655137045038 4.70655137045038
"AP_M50" 5.70633878253291 5.74491697966603 5.51820982728873 5.71956743255557 5.57732977088035 5.86808872673697 5.66895404199799 5.80767368251973 5.69908898472449 5.77869739406333 5.50254865080525 5.46558656511529 5.68222001053666 5.81235977962657 5.54514995014142 5.7621652078934 5.50687558047395 5.69742115739418 5.49353333147515 5.79438486332178 5.76170161577604 5.61122608015636 5.3019497253962 5.44170455965019 5.39988822035721 5.52310234936541 5.54084231521158 5.59763376620132 5.46842856837995 5.3539335331447
"AP_M52" 6.79646331723797 6.89165334698788 6.78136225000149 6.81864955303851 6.86126574620828 6.9487034253285 6.79911134694153 6.92741779403058 6.8735944639904 6.80095271530643 6.65189653991147 6.69442653116359 6.79482496470507 6.43520024758358 6.50983293444258 6.62428209583567 6.40106003764958 6.60110664649693 6.39149138909935 6.36614660198937 6.77068878930152 6.46686762035411 6.27118897796688 6.38847154443762 6.53222628199198 6.2506080745274 6.64739470764471 6.44404479591808 6.28236173000659 6.20470127662916
"AP_M54" 7.40269295126732 7.55322273701405 7.32793121276392 7.46386502011765 7.56211162470823 7.6487142117621 7.4860843223004 7.60072288127563 7.5692712822495 7.50525563474279 7.18742852217637 7.22175817240029 7.40728683130443 7.0090740179773 7.10139870842798 7.24303804868629 6.98790171201983 7.28330122870355 6.9834632720836 7.00860017176192 7.49660748680628 7.11394335230684 6.93175501154985 6.93353871174973 7.21336271142773 6.86040209771689 7.40571621539286 7.13672056715641 7.11540140096129 7.03342375548695
"AP_M55" 7.3632872657071 7.38924494153749 7.30664312801014 7.31215056142148 7.35988886503997 7.37435664469894 7.25421590938477 7.3691933069189 7.32444381408749 7.28046343100663 7.25501095695657 7.23036248817599 7.26626700814799 7.09746329902396 7.19424535677723 7.25767857486918 7.01249378548216 7.20411998265593 7.12465594056227 7.09189354041643 7.29480327980709 7.20682587603185 7.06580404848503 7.23960042726472 7.21607834814182 7.13820452072459 7.30910407582917 7.20139712432045 7.11575086095736 7.18523106821832
"AP_M57" 6.58459579196519 6.48533152188471 6.35450987986698 6.46349492720372 6.61659208031745 6.71281497140974 6.50513749217406 6.75205897837213 6.43543726295853 6.37358280087247 6.37308200702287 6.31331852440955 6.33530220880485 6.38101556982593 6.55152282158761 6.46982201597816 6.36078533915616 6.44518636359017 6.44867896312771 6.31806333496276 6.59696526522581 6.36735592102602 6.12621715327928 6.50993361886825 6.34883873645914 6.36464365997026 6.56210423260569 6.40312052117582 6.3260909891219 6.27160535111678
"AP_M58" 6.50396178043527 6.59043085440279 6.44862609938765 6.48005051402573 6.49060381950338 6.54782120808621 6.45289362487714 6.50750937691695 6.49184293360088 6.41447880597632 6.3761060945541 6.34025111829644 6.36370841640044 6.40552649610307 6.49349513523277 6.45939248775923 6.38770190783814 6.37839790094814 6.40264803337165 6.46538285144842 6.45623618092743 6.41161970596323 6.24091973808493 6.46415542651275 6.48802346200264 6.37429383990073 6.44401854999087 6.32886073085927 6.34249018862642 6.31597034545692
"AP_M64" 4.7973021721837 4.7973021721837 4.7973021721837 4.7973021721837 4.7973021721837 5.21834115828162 4.7973021721837 4.7973021721837 5.09833216784768 5.47850589213556 4.7973021721837 4.7973021721837 5.92425343443046 4.7973021721837 4.7973021721837 5.2674064187529 4.7973021721837 4.7973021721837 4.7973021721837 4.7973021721837 5.15258796536536 4.7973021721837 4.7973021721837 4.7973021721837 4.7973021721837 4.7973021721837 4.7973021721837 4.7973021721837 4.7973021721837 4.7973021721837
"AP_M73" 5.3217847829599 5.3217847829599 5.3217847829599 5.3217847829599 5.3217847829599 6.16815409605969 5.3217847829599 5.3217847829599 5.3217847829599 5.3217847829599 5.3217847829599 5.3217847829599 6.0053100948828 5.3217847829599 5.3217847829599 5.95896168481092 5.3217847829599 5.3217847829599 5.3217847829599 5.3217847829599 6.20806575508549 5.3217847829599 5.3217847829599 5.3217847829599 5.3217847829599 5.3217847829599 5.3217847829599 5.62281477862388 5.3217847829599 5.3217847829599
"AP_M76" 6.07727485817301 6.06477984687583 6.03159305067322 6.0353444720041 6.04305088928417 6.07885974916249 6.05722283655556 6.11842148041993 6.05327863399621 6.05050117158292 6.02819331715864 6.03103662984085 6.08315633621085 6.04790501338093 6.05141070614027 6.07554696139253 6.06584700550124 6.19216279677867 6.04795868337521 6.05835730634479 6.05926457199503 6.02905651295936 6.03365250408597 6.05710937872725 6.0100564459692 6.06496162844154 6.04113677084127 6.06445798922692 6.04310988156458 6.02274376971665
"AP_M77" 6.04585515240799 6.04960638742833 6.01981890481253 6.02931233645548 6.02021373007003 6.08685969351146 6.00891215561176 6.1089240814481 6.03405262483202 6.04324081579335 6.03086434644661 6.03359542872209 6.04383875790741 6.0491610177784 6.01840213073456 6.04926532717132 6.06755586361891 6.15533603746506 6.04487201748773 6.03845404135057 6.0212306584797 6.01982969262431 5.98330868055506 6.07051846622356 5.9946589095666 6.03759579994106 6.03151308631934 6.06537129299567 5.99910878250173 5.73652318622479
"AP_M78" 6.85996225421858 6.87194904444458 6.81605136237244 6.83250399493205 6.83274458124238 6.89461464826504 6.89434752573678 6.95187073230285 6.81655262062268 6.85311425895982 6.68520781035838 6.70294406168795 6.65020335769133 6.85695890285319 6.7949575697315 6.72835378202123 6.67526045294081 6.77670118398841 6.69037534460469 6.83569057149243 6.55355633375867 6.72835378202123 6.56213601418313 6.60780189130987 6.64509042808432 6.7195515278344 6.7083042793843 6.62531245096167 6.37549498353732 6.41161970596323
