"RefSeq" 0 0 0.22 0.22 0.22 0.67 0.67 0.67 2 2 2 6 6 6
"NM_144958" 2072 2506 2519 2116 1999 2113 2219 2322 2359 1932 1705 2110 2311 2140
"NR_102758" 0 0 0 0 0 0 0 0 0 0 0 0 0 0
"NM_172405" 198 265 250 245 212 206 227 246 265 205 175 288 315 242
"NM_029777" 18 29 25 19 19 13 22 19 19 26 16 26 32 33
"NM_001130188" 0 0 0 0 0 0 0 1 0 0 0 1 0 1
"NM_207141" 0 0 0 0 0 0 0 0 0 0 0 0 0 0
"NM_001162368" 3 1 2 0 0 0 1 2 0 0 0 0 0 2
"NM_008117" 0 0 0 0 0 0 0 0 0 0 0 0 0 1
"NM_001168290" 61 65 79 85 78 60 61 80 91 59 47 42 60 58
"NM_010910" 7 10 9 3 4 11 3 12 5 6 16 1 17 7
"NM_001004147" 0 0 0 0 0 0 0 0 0 0 0 1 0 0
"NM_001146318" 0 0 0 1 0 0 0 1 0 1 0 3 0 0
"NM_145597" 0 0 0 0 0 0 0 0 0 0 0 0 0 0
"NM_001161797" 0 0 0 0 0 0 0 0 0 0 0 0 0 0
"NM_021483" 0 0 0 0 0 0 0 0 0 0 0 0 0 0
"NR_002862" 139 172 165 159 172 187 151 197 195 182 190 237 234 249
"NR_033520" 318 407 425 437 522 336 379 516 439 375 306 301 364 435
"NM_134027" 482 579 660 560 558 582 532 660 591 488 445 457 559 411
"NM_010381" 188 153 319 366 393 275 402 383 228 296 141 269 192 185
"NM_019388" 12 15 10 34 25 26 22 30 17 27 11 29 15 22
"NM_145822" 416 433 478 386 324 397 390 440 495 346 358 489 470 430
"NM_026406" 1333 1668 1648 1301 1461 1219 1369 1487 1661 1265 1315 1435 1777 1633
"NM_146433" 0 0 0 0 0 0 0 0 0 0 0 0 0 0
"NM_001166375" 1 0 4 4 5 2 3 4 4 2 1 2 1 2
"NM_018830" 1774 2610 2519 1835 2018 1545 1974 2094 2439 2041 2031 2361 2686 2638
"NM_178061" 1434 1526 1658 1423 1270 1398 1561 1503 1715 1301 1342 1183 1747 1415
"NM_026828" 0 0 0 0 0 0 0 0 0 0 0 0 0 0
"NM_146244" 50 62 65 61 65 61 49 78 64 50 53 61 63 37
"NM_212441" 1168 1741 1488 869 1018 644 1281 951 1136 846 887 568 1157 889
"NM_001199960" 0 0 0 0 0 0 0 0 0 0 0 0 0 0
"NM_001081124" 0 4 3 4 3 2 2 1 2 5 3 4 3 6
"NM_177197" 3 3 4 3 2 3 0 4 2 4 0 0 1 0
"NR_045940" 0 0 0 0 0 0 0 0 0 0 0 0 0 0
"NM_009412" 0 0 0 0 0 0 0 0 0 0 0 0 0 0
"NR_126506" 0 0 0 0 0 0 0 0 0 0 0 0 0 0
"NR_037296" 0 0 0 1 0 0 0 0 0 0 0 0 0 0
"NM_001011753" 0 0 0 0 0 0 0 0 0 0 0 0 0 0
"NM_198927" 0 2 2 1 0 0 0 0 0 0 0 0 0 0
"NR_029557" 3 7 3 10 7 3 5 7 2 7 3 10 6 9
"NR_045516" 0 1 1 1 1 0 0 0 1 0 1 0 1 1
"NM_146033" 1052 1327 1307 1140 1176 1106 1081 1204 1313 1082 984 974 1256 1148
"NR_045798" 385 482 466 486 447 400 395 472 579 437 417 305 402 402
"NM_144903" 274949 328298 328512 273551 274239 272175 279613 304774 331581 249373 259300 279655 292409 277456
"NM_001195596" 911 947 871 710 659 788 847 999 869 615 469 508 733 530
"NR_027964" 3 13 3 4 4 6 6 8 11 2 5 1 1 8
"NM_013522" 745 827 939 810 868 823 729 849 962 770 701 898 920 800
"NM_018873" 1089 1519 1533 1593 1207 1431 1279 1439 1611 1598 1525 1461 1657 1680
"NM_175650" 0 0 0 0 0 0 0 0 0 0 0 0 0 0
"NR_105808" 4 4 6 7 3 8 5 6 6 3 5 5 6 6
"NM_001242364" 3 4 5 4 3 2 1 5 4 2 2 1 1 3
"NM_001166428" 8 8 8 9 4 3 13 6 4 9 4 9 6 7
"NM_001291192" 0 0 0 0 0 0 0 0 0 0 0 0 0 0
"NM_001191023" 0 0 0 0 0 0 0 0 0 0 0 0 0 0
"NM_001024853" 44 67 55 56 51 29 47 41 74 53 37 49 75 77
"NM_178774" 0 0 0 0 0 0 0 0 0 0 1 0 0 0
"NM_001202446" 0 0 0 0 0 0 0 0 0 0 0 0 0 0
"NR_077239" 0 0 0 0 0 0 0 0 0 0 0 0 0 0
"NM_001009573" 33 44 50 79 69 66 61 80 46 58 39 34 45 44
"NM_027139" 123 149 140 106 97 89 114 127 123 109 126 111 148 158
"NM_001166595" 0 0 0 0 0 0 0 0 0 0 0 0 0 0
"NM_010336" 0 0 0 1 0 0 0 0 0 0 0 0 0 0
"NM_016886" 0 0 0 0 0 0 0 0 0 0 0 0 0 0
"NM_025488" 1 1 3 7 4 3 2 1 6 4 6 1 3 4
"NM_001289694" 0 0 0 0 0 0 0 0 0 0 0 0 0 0
"NM_001267796" 485 601 623 594 646 515 560 706 598 517 488 573 537 519
"NM_010806" 3106 4114 4498 3758 3822 3114 3739 3795 4202 3614 3381 2699 4537 4175
"NR_104436" 0 0 0 0 0 0 0 0 0 0 0 0 0 0
"NM_030052" 0 0 1 0 0 0 0 1 0 1 0 0 0 0
"NM_001011821" 0 0 0 0 0 0 0 0 0 0 0 0 0 0
"NM_013933" 3167 3624 3689 3199 3531 3367 3286 3671 3696 3078 2867 3090 4109 3404
"NM_010349" 0 0 0 0 0 0 0 0 0 0 0 0 0 0
"NM_001276679" 0 0 0 0 0 0 0 0 0 0 0 0 0 0
"NM_177185" 941 1316 1464 1275 1333 784 975 1198 1124 1093 930 826 1249 1273
"NM_010588" 155 214 203 248 237 154 178 229 166 222 127 171 168 205
"NM_138944" 0 1 0 0 0 0 0 0 0 0 0 0 0 0
"NM_199319" 0 0 1 0 1 0 0 1 0 1 0 0 0 1
"NM_001164320" 262 235 243 299 221 346 253 330 329 322 321 216 405 375
"NR_102282" 13 22 17 13 16 8 9 12 4 16 13 13 15 9
"NM_023116" 4 2 1 4 2 2 4 3 2 3 2 0 4 4
"NM_007760" 6928 8519 8332 7551 7505 7964 8166 8878 9865 8465 7985 10831 10324 10472
"NR_027644" 0 0 0 0 0 0 0 0 0 0 0 0 0 0
"NM_145453" 744 877 895 734 810 617 876 763 805 646 644 534 784 734
"NM_001289589" 0 0 0 0 0 0 0 0 0 0 0 0 0 0
"NM_052991" 0 0 0 0 0 0 0 0 0 0 0 0 0 0
"NM_001126322" 0 0 0 0 0 0 0 0 0 0 0 0 0 0
"NR_028566" 0 0 0 0 0 0 0 0 0 0 0 0 0 0
"NM_009470" 875 1441 1349 878 701 965 729 711 1350 1435 1340 1375 2218 1353
"NM_018741" 0 0 0 0 0 1 0 0 0 0 0 0 0 0
"NM_134072" 8015 12744 10478 9075 9994 7069 9401 10322 10093 7374 4733 8451 6785 5407
"NM_001289573" 0 0 0 0 0 0 0 0 0 0 0 0 0 0
"NM_001130444" 35 23 39 34 34 37 35 39 38 32 32 21 25 29
"NM_009990" 8 8 7 6 6 7 6 4 2 2 8 3 10 3
"NM_001289839" 0 0 0 0 0 0 0 0 0 0 0 0 0 0
"NM_026213" 845 1074 997 915 977 905 949 1014 1036 993 853 834 1065 993
"NM_001033191" 0 0 0 0 0 0 0 0 0 0 0 0 0 0
"NM_153552" 685 870 884 843 879 855 867 974 1003 671 672 840 951 725
"NR_126545" 0 0 0 0 0 0 0 0 0 0 0 0 0 0
"NM_001081476" 0 0 0 0 0 0 0 0 0 0 0 0 0 0
"NM_001081096" 0 0 0 1 0 1 0 0 0 0 1 1 0 1
"NM_001205274" 0 0 0 0 0 0 0 0 0 0 0 0 0 0
"NM_001078649" 278 307 307 327 208 284 308 347 299 227 212 244 270 251
"NM_001033532" 211 300 269 278 245 215 227 247 257 211 197 193 255 242
"NM_018773" 1414 1739 1787 1552 1431 1295 1431 1665 1696 1442 1318 1498 1818 1605
"NM_001302540" 0 0 0 0 0 0 0 0 0 0 0 0 0 0
"NM_175029" 41 41 38 38 30 33 33 33 49 45 44 31 57 47
"NM_145960" 314 355 361 304 312 303 297 354 404 311 274 368 390 318
"NM_001077591" 0 0 0 0 0 0 0 0 0 0 0 0 0 0
"NM_053225" 0 0 0 0 0 0 0 0 0 0 0 0 0 0
"NM_027895" 569 704 776 764 602 659 684 719 814 514 519 558 641 639
"NM_001289736" 0 0 0 0 0 0 0 0 0 0 0 0 0 0
"NM_001277322" 1 1 1 0 0 0 0 0 0 0 0 1 0 1
"NM_146580" 0 0 0 0 0 0 0 0 0 0 0 0 1 0
"NM_009161" 6 14 16 19 9 9 12 13 9 10 9 4 9 9
"NM_018743" 3558 3968 4243 3688 3517 3366 3931 3844 4309 3711 3740 3315 4538 4264
"NM_178936" 1185 1600 1535 1164 1195 875 1150 1122 1447 1080 1270 1249 1588 1704
"NM_001291245" 0 0 0 0 0 0 0 0 0 0 0 0 0 0
"NM_178185" 0 0 0 0 0 0 0 0 0 0 0 0 0 0
"NM_147093" 52 65 70 72 62 49 65 61 50 42 59 42 45 64
"NM_054042" 233 226 281 426 295 297 364 289 308 285 190 291 328 243
"NM_009741" 325 358 459 427 434 385 386 442 452 357 321 315 431 394
"NM_010079" 0 1 0 0 0 0 0 0 0 0 0 0 0 0
"NR_029550" 0 0 0 0 0 0 0 0 0 0 0 0 0 0
"NR_033145" 18 16 25 18 11 14 20 14 13 22 17 10 21 20
"NR_102310" 18 30 24 30 21 33 22 31 38 19 23 24 25 18
"NM_173019" 425 477 432 415 373 453 445 500 468 340 308 371 419 348
"NM_024465" 1681 1898 1919 1802 1634 1825 1993 2033 2021 1663 1585 1639 2180 1866
"NM_001163276" 0 0 0 0 0 0 0 0 0 0 0 0 0 0
"NM_148946" 4 13 8 15 8 10 9 12 7 11 11 6 10 6
"NM_007963" 621 842 968 863 758 722 721 848 960 827 778 713 952 824
"NM_001127188" 20 39 19 34 27 15 32 39 19 18 17 15 22 22
"NM_016970" 0 0 1 1 1 1 1 1 0 0 0 1 1 1
"NM_019811" 11016 13848 13955 11884 12791 11237 12263 13194 14957 12251 10161 10571 12129 11508
"NM_007560" 3 4 4 3 0 1 0 1 1 1 3 1 1 4
"NM_001287179" 8 12 6 17 5 6 7 6 3 0 11 0 4 15
"NR_030645" 0 0 0 0 0 0 0 0 0 0 0 0 0 0
"NM_001252560" 0 0 0 0 0 0 0 0 0 0 0 0 0 0
"NM_133903" 3 4 12 13 9 13 7 15 13 3 6 6 6 11
"NM_001289494" 0 0 0 0 0 0 0 0 0 0 0 0 0 0
"NM_001293728" 0 0 0 0 0 0 0 0 0 0 0 0 0 0
"NM_001039578" 258 297 307 240 229 233 290 254 281 255 261 192 367 306
"NM_173734" 29 35 28 30 18 21 29 26 28 18 29 30 36 31
"NM_009384" 0 1 1 1 1 0 0 2 0 0 0 0 1 0
"NM_001253377" 0 0 0 0 0 0 0 0 0 0 0 0 0 0
"NR_045614" 88 20 18 119 54 115 134 96 61 84 76 0 87 75
"NM_134095" 1156 1259 1358 1154 1144 1288 1301 1374 1376 1160 1169 1136 1493 1248
"NM_001290468" 0 0 0 0 0 0 0 0 0 0 0 0 0 0
"NM_001081412" 2403 2933 2874 2562 2336 2102 2487 2569 2663 2354 2667 1945 3124 2962
"NM_001284398" 20 29 50 43 35 12 24 28 34 56 21 17 30 24
"NM_011432" 806 933 959 834 852 900 826 951 944 836 695 649 933 827
"NM_001085548" 0 0 0 0 0 0 0 0 0 0 0 0 0 0
"NM_001024927" 5 0 9 3 6 7 6 7 6 4 4 3 7 2
"NM_011680" 2387 2599 2742 2668 2394 2574 2701 2768 2753 2635 2330 2207 3009 2669
"NM_010923" 1 4 5 12 6 1 3 1 5 2 0 1 2 11
"NM_009653" 15 20 17 10 27 5 22 15 3 20 14 10 13 16
"NM_008409" 42 54 60 68 74 56 49 74 64 54 40 38 36 51
"NM_001160345" 170 183 208 221 181 189 192 183 186 212 187 195 236 222
"NM_175514" 5 6 2 7 3 4 4 7 6 6 2 4 11 7
"NM_008995" 0 0 0 0 0 0 0 0 0 0 0 0 0 0
"NM_001166382" 0 0 0 0 0 0 0 0 0 0 0 0 0 0
"NR_110510" 0 1 2 1 0 0 0 2 0 0 0 0 0 1
"NM_023395" 34 63 67 91 73 66 69 102 55 45 42 46 54 52
"NM_001177785" 0 0 0 0 0 0 0 0 0 0 0 0 0 0
"NM_001163564" 386 444 465 407 429 402 473 455 431 370 306 380 504 418
"NM_134231" 0 0 0 0 0 0 0 0 0 0 0 0 0 0
"NM_175201" 3 3 1 6 4 3 2 3 5 3 4 3 2 4
"NM_001032298" 0 1 1 1 1 0 1 2 1 0 0 0 1 0
"NM_199021" 3 2 2 4 5 2 7 6 7 1 1 0 0 0
"NM_029075" 0 0 0 0 0 1 0 1 1 1 0 0 0 1
"NM_010419" 0 0 0 1 0 0 0 0 0 1 0 0 0 1
"NR_106139" 0 0 0 0 0 0 0 0 0 0 0 0 0 0
"NM_001135172" 9 5 15 4 9 5 8 9 13 13 9 11 9 11
"NM_028207" 1906 2256 2465 2072 2191 2154 2233 2223 2226 2135 1863 1522 2559 2140
"NM_010643" 18 17 22 17 14 32 23 21 25 20 12 32 24 18
"NM_007526" 0 0 0 0 0 0 0 0 0 0 0 0 0 0
"NM_001253719" 0 0 0 0 0 0 0 0 0 0 0 0 0 0
"NR_029908" 2 2 0 1 0 1 0 2 1 1 1 0 0 1
"NM_146653" 0 0 0 0 0 0 0 0 0 0 0 0 0 0
"NM_001290661" 0 0 0 0 0 0 0 0 0 0 0 0 0 0
"NR_110365" 0 2 3 2 1 1 0 1 2 0 1 2 0 1
"NR_073420" 54 63 77 86 54 44 73 59 93 66 62 56 72 81
"NR_015515" 6 4 9 5 6 2 7 7 6 7 3 6 8 6
"NM_009435" 22 10 15 21 13 14 20 15 9 14 9 14 10 9
"NM_021334" 45 42 56 103 48 52 69 89 66 48 37 40 51 33
"NM_001301353" 0 0 0 0 0 0 0 0 0 0 0 0 0 0
"NR_037958" 131 189 140 160 169 172 148 210 186 149 151 203 194 166
"NM_001159376" 218 330 330 392 357 440 321 370 441 394 227 211 306 225
"NM_001033170" 1 0 1 1 1 0 0 0 0 0 1 0 1 1
"NM_147101" 0 0 0 0 0 0 0 0 0 0 0 0 0 0
"NR_046077" 0 0 0 0 0 0 0 0 0 0 0 0 0 1
"NM_016860" 4183 4893 4850 4233 3965 3820 4434 4503 4615 3784 3540 3711 4577 4004
"NM_001286599" 0 0 0 0 0 0 0 0 0 0 0 0 0 0
"NM_172473" 153 165 172 157 134 136 112 184 166 165 145 172 181 182
"NR_030647" 0 0 0 0 0 0 0 0 0 0 0 0 0 0
"NM_175342" 0 0 0 0 0 0 0 0 0 0 0 0 0 0
"NM_177395" 0 1 1 0 0 0 0 0 1 0 0 0 0 0
"NM_146300" 0 0 0 0 0 0 0 0 0 0 0 0 0 0
"NM_019580" 6111 6359 6365 6120 5872 6761 6918 7546 7271 6104 5620 5163 6870 5973
"NM_001168622" 0 0 0 0 0 0 0 0 0 0 0 0 0 0
"NR_028425" 0 0 0 0 0 0 0 0 0 0 0 0 0 0
"NM_020285" 0 0 0 0 0 0 0 0 0 0 1 0 0 0
"NM_001085449" 0 0 0 0 0 0 0 0 0 0 0 0 0 0
"NM_016801" 56 53 61 86 47 52 53 50 55 65 41 59 39 50
"NM_010438" 7 9 9 3 4 10 7 7 8 10 4 7 5 6
"NM_001284191" 0 0 0 0 0 0 0 0 0 0 0 0 0 0
"NM_016737" 4720 5689 5665 3798 6158 4990 6163 5441 5468 6227 4199 2675 6080 4153
"NM_011548" 0 0 0 0 0 0 0 0 0 0 0 0 0 0
"NM_001030294" 688 786 761 862 589 456 604 807 697 547 504 544 542 688
"NM_013867" 1068 1321 1312 1180 1051 1212 1116 1333 1487 1241 1282 1405 1430 1484
"NM_011311" 59 68 73 84 45 48 43 73 45 52 38 61 41 65
"NM_010718" 33 22 27 28 26 16 30 29 29 32 37 26 31 34
"NM_001033424" 0 0 0 0 0 0 0 0 0 0 0 0 0 0
"NM_026743" 4 5 3 9 5 4 2 7 3 4 3 4 4 5
"NM_001164739" 0 0 0 0 0 0 0 0 0 0 0 0 0 0
"NM_145987" 1875 1984 2023 1854 1616 1751 1959 2125 2288 1845 1711 1812 2130 2043
"NM_172573" 318 414 379 324 288 350 363 381 421 325 302 345 409 322
"NM_133730" 1 2 1 1 1 0 0 1 1 0 2 0 2 3
"NM_028186" 10 16 15 31 19 11 14 26 19 15 12 12 17 14
"NM_001200002" 1696 2100 2208 1951 1781 866 1426 1614 1351 1732 1529 1020 1522 1752
"NM_133667" 9700 11463 11744 10608 8878 9404 9136 10412 11446 9765 10870 13484 11516 12666
"NM_172914" 2 1 0 4 4 1 3 4 1 1 0 2 2 3
"NM_013694" 0 0 0 0 0 0 0 0 0 0 0 0 0 0
"NM_009848" 101 137 140 187 161 113 153 140 124 210 103 332 157 125
"NM_206941" 0 0 0 0 0 0 0 0 0 0 0 0 0 0
"NR_030607" 0 0 0 0 0 0 0 0 0 0 1 0 0 0
"NM_011214" 0 0 0 0 0 0 0 0 0 0 0 0 0 0
"NM_001164683" 40 39 53 42 40 39 45 43 48 41 43 39 45 35
"NR_030269" 0 0 0 0 0 0 0 0 0 0 0 0 0 0
"NM_018781" 0 0 0 0 0 0 0 0 0 0 0 0 0 0
"NM_026437" 69 97 87 57 66 48 71 83 107 72 68 62 79 84
"NM_198247" 1 0 0 0 1 1 1 1 1 0 1 0 1 2
"NM_133832" 3132 3727 3362 2900 3951 3575 4352 3904 3558 2308 2077 1331 3224 2319
"NM_029523" 0 0 0 0 0 0 0 0 0 0 0 0 0 0
"NM_001136117" 16 3 7 8 6 22 12 9 8 16 6 5 6 11
"NM_024174" 0 0 0 0 0 0 0 0 0 0 0 0 0 0
"NM_139301" 0 0 0 0 0 0 0 0 0 0 0 0 0 0
"NM_001013360" 0 0 0 0 0 0 0 0 0 0 0 0 0 0
"NM_001282084" 0 0 0 0 0 0 0 0 0 0 0 0 0 0
"NR_035475" 0 0 0 0 0 0 0 0 0 0 0 0 0 0
"NM_001281475" 0 0 0 0 1 0 0 0 0 0 0 1 0 0
"NM_001037709" 8 1 6 3 2 7 4 5 7 7 5 2 4 5
"NM_206872" 0 0 0 0 0 0 0 0 0 0 0 0 0 0
"NM_011141" 1 1 2 1 0 1 0 1 0 1 1 0 2 0
"NM_133224" 3462 4133 4104 3705 3387 3590 4091 3962 4422 3843 3370 3466 4586 3773
"NM_001010831" 0 0 0 0 0 0 0 0 0 0 0 0 0 0
"NM_023372" 0 0 0 0 0 0 0 0 0 0 0 0 0 0
"NM_153384" 0 0 0 0 1 0 0 0 0 0 0 0 0 0
"NM_001290658" 0 0 2 0 1 0 0 2 0 1 0 1 0 1
"NM_027677" 50 40 57 46 47 60 57 58 51 63 41 40 58 47
"NM_009498" 1749 2077 2142 1702 1828 1757 1898 1973 2048 1842 1604 1582 2095 1859
"NM_028450" 82 115 111 114 124 89 93 83 94 93 66 89 89 103
"NM_009874" 987 1294 1193 1143 1133 887 1018 1141 1184 1076 908 906 1242 988
"NM_001163566" 130 168 162 177 148 156 149 203 166 98 118 143 155 150
"NM_054049" 376 491 445 428 332 357 333 331 601 389 377 277 408 516
"NM_001243265" 0 0 0 0 0 1 0 0 0 0 0 0 0 0
"NM_172592" 1393 1958 2122 1786 1831 1518 1728 1921 1885 1615 1581 1753 1996 1703
"NR_039589" 0 0 0 0 0 0 0 0 0 0 0 0 0 0
"NR_033304" 1 0 0 2 0 1 0 0 0 0 0 0 0 1
"NM_001286996" 0 0 0 0 0 0 0 0 0 0 0 0 0 0
"NM_025390" 340 411 372 329 308 335 371 422 408 314 268 422 419 360
"NM_146203" 13 13 17 9 14 10 8 6 13 17 9 11 19 15
"NM_172762" 751 893 931 918 725 809 784 837 976 735 727 896 939 903
"NM_183296" 0 0 0 0 0 0 0 0 0 0 0 0 0 0
"NM_145937" 2435 2936 2960 2533 2433 2312 2475 2707 2721 2311 2200 1972 2717 2372
"NM_025621" 0 0 0 0 0 0 0 0 0 0 0 0 0 0
"NM_145363" 0 0 0 1 0 1 0 1 1 1 0 0 0 2
"NM_001034881" 1 0 1 0 1 1 0 2 0 0 0 1 0 1
"NM_011970" 2335 2688 2723 2422 2449 2507 2434 2883 2947 2167 1971 2586 2929 2471
"NM_001244671" 0 0 0 0 0 0 0 1 0 1 0 0 0 0
"NM_011082" 4110 5389 6354 6333 5716 4388 4507 5784 6894 7269 4369 10429 7041 5821
"NM_001038655" 0 0 0 0 0 1 1 0 0 0 0 0 0 0
"NM_021431" 82 99 91 91 100 118 121 104 76 77 80 56 100 77
"NM_028862" 4916 5124 5692 4406 4429 3778 4790 4711 5701 4485 4423 3179 6128 4841
"NM_027469" 337 409 491 408 380 390 396 430 357 408 349 293 389 384
"NM_019566" 729 786 827 782 700 727 800 830 776 696 620 678 789 746
"NM_172553" 3 11 14 35 16 16 16 11 14 42 2 16 11 14
"NM_027832" 0 0 0 0 0 0 0 0 0 0 0 0 0 0
"NM_011265" 1 4 3 2 1 0 1 0 2 0 0 0 3 1
"NM_009809" 0 0 0 0 0 0 0 0 0 0 0 1 0 0
"NM_001204273" 3 4 5 7 2 4 5 7 3 3 3 1 2 5
"NM_001198792" 1 4 1 7 3 3 2 2 1 2 1 1 6 2
"NM_177000" 61 64 76 52 59 91 91 75 59 46 35 34 61 58
"NM_001122739" 28 14 15 31 13 28 38 29 13 33 28 10 34 21
"NR_027506" 0 0 0 0 0 0 0 0 0 0 0 0 0 0
"NM_001271777" 71 96 84 79 73 71 117 87 85 82 59 69 110 96
"NM_026792" 662 749 806 696 741 739 714 888 823 759 657 677 943 731
"NM_001290413" 5 11 5 5 6 7 7 12 7 11 9 5 7 7
"NM_001290755" 0 0 0 0 0 0 0 0 0 0 0 0 0 1
"NM_009534" 0 0 0 0 0 0 0 0 0 0 0 0 0 0
"NM_001285457" 0 0 0 0 0 0 0 0 0 0 0 0 0 0
"NM_001113204" 0 0 2 0 0 1 0 2 0 0 3 0 1 1
"NM_207567" 0 0 0 0 0 0 0 0 0 0 0 0 0 0
"NM_030733" 17 16 22 17 17 10 14 19 18 12 22 16 30 24
"NM_008941" 0 0 0 0 0 0 0 0 0 0 0 0 0 0
"NM_001290542" 0 1 0 3 1 1 0 3 1 1 3 1 0 0
"NM_170704" 0 0 0 0 0 0 0 0 0 0 0 0 0 0
"NM_019952" 58 52 70 60 47 46 44 76 52 54 32 73 72 66
"NM_017396" 0 0 0 0 0 0 0 0 0 0 0 0 0 0
"NM_001080930" 1902 2330 2359 1906 1835 1244 1849 1760 2095 1818 1853 1542 2473 2463
"NM_029742" 4577 5629 5581 4489 4440 4025 4810 5006 5369 4463 4402 4335 5819 5198
"NR_040388" 0 0 0 0 0 0 0 0 0 0 0 0 0 0
"NM_172615" 0 0 0 0 0 0 0 0 0 0 0 0 0 0
"NM_001256085" 0 0 0 0 0 0 0 0 0 0 0 0 0 0
"NM_001289525" 0 0 0 0 0 0 0 0 0 0 0 0 0 0
"NM_001039347" 57 54 83 100 101 78 79 76 64 99 35 55 73 52
"NM_175372" 0 0 0 0 0 0 0 0 0 0 0 0 0 0
"NM_027298" 19 13 12 13 9 20 6 11 20 10 11 11 10 10
"NM_001163233" 0 1 2 1 2 1 3 2 0 4 1 1 1 2
"NM_009703" 2229 2515 2520 2329 2091 2150 2503 2804 2827 2248 2147 2702 2719 2532
"NM_172652" 3342 3955 4131 3801 3223 2833 3382 3666 4029 3898 3205 3833 3932 3979
"NM_001039519" 0 0 0 0 0 0 0 0 0 0 0 0 0 0
"NM_001159769" 0 0 0 0 0 0 0 0 0 0 0 0 0 0
"NR_038090" 2 1 0 0 0 0 1 0 0 1 1 3 2 1
"NM_001042542" 0 0 0 0 0 0 0 0 0 0 0 0 0 0
"NR_102303" 13 23 20 36 23 19 20 26 26 41 14 48 25 36
"NM_153539" 0 0 0 0 0 0 0 0 0 0 0 0 0 0
"NM_010754" 38 21 24 21 28 19 29 22 23 25 27 11 50 28
"NM_001271724" 0 0 0 0 0 0 0 0 0 0 0 0 0 0
"NM_001243102" 0 1 0 0 0 0 0 1 0 0 0 1 0 0
"NM_145709" 0 0 0 0 0 0 0 0 0 0 0 0 0 0
"NM_001198833" 23 16 21 20 17 17 37 24 27 30 23 11 37 32
"NM_213614" 39 45 45 65 53 52 52 55 60 41 41 29 52 47
"NM_146568" 0 0 0 0 0 0 0 0 0 0 0 0 0 0
"NM_025468" 984 1089 1009 1017 1017 1175 1076 1173 1124 937 880 702 1026 905
"NM_001136082" 0 0 0 0 0 0 0 0 0 0 0 0 0 0
"NM_008035" 33 57 57 70 81 58 59 81 70 77 65 90 57 84
"NM_001164352" 3 2 3 6 4 3 2 9 4 7 1 2 4 6
"NM_197943" 1983 2294 2268 1899 1690 1962 1841 2068 2315 1593 1901 1555 2220 2073
"NM_008533" 20 18 18 24 19 18 30 29 15 18 8 16 31 20
"NM_177373" 0 0 0 0 0 0 0 0 0 0 0 0 0 0
"NM_001111141" 223 259 283 236 193 164 245 219 226 236 215 178 262 283
"NM_207565" 0 0 0 0 0 0 0 0 0 0 0 0 0 0
"NR_003630" 3 12 3 4 4 3 9 5 3 2 3 2 6 5
"NM_023355" 0 0 0 0 0 0 0 0 0 0 0 0 0 0
"NM_001267583" 0 0 0 0 0 0 0 0 0 0 0 0 0 0
"NM_153138" 2 1 4 6 0 4 1 1 2 0 3 1 6 4
"NM_019464" 0 0 0 0 0 0 0 0 0 0 0 0 0 0
"NM_018769" 429 487 424 402 375 393 390 476 497 394 369 457 478 471
"NM_025562" 699 840 892 784 720 793 725 824 850 744 625 748 768 768
"NR_045160" 0 0 0 0 0 0 0 0 0 0 0 0 0 0
"NM_028475" 17 26 35 34 27 24 23 33 26 18 22 32 33 22
"NM_001291114" 0 0 0 0 0 0 0 0 0 0 0 0 0 0
"NM_029759" 75 71 71 51 51 48 63 58 88 73 58 70 102 70
"NM_022881" 5 7 5 5 7 5 9 6 6 1 6 3 2 1
"NM_053197" 1 0 1 1 1 1 0 1 2 2 0 0 0 1
"NM_172876" 321 307 369 334 323 352 350 317 327 313 258 249 354 279
"NM_001081205" 13 24 26 18 27 20 13 11 15 34 5 11 20 21
"NM_001039555" 8 6 2 10 7 3 1 5 8 4 9 9 21 10
"NM_001161730" 0 0 0 0 0 0 0 0 0 0 0 0 0 0
"NM_138607" 1634 1681 1996 1643 1661 1643 1796 1806 1823 1545 1439 1350 1906 1638
"NR_038163" 0 0 0 0 0 0 0 0 0 0 0 0 0 0
"NM_007378" 118 204 188 216 144 170 125 148 192 198 135 218 185 120
"NM_001285982" 0 0 0 0 0 0 0 0 0 0 0 0 0 0
"NR_035502" 0 0 0 0 0 0 0 0 0 0 0 0 0 0
"NM_146362" 0 0 0 0 0 0 0 0 0 0 0 0 0 0
"NM_019987" 1 2 1 5 2 3 5 2 2 2 4 2 3 9
"NM_001101430" 188 167 181 205 191 190 183 220 218 198 167 204 242 205
"NM_178676" 0 1 4 7 3 5 2 3 1 2 0 2 1 1
"NM_001001980" 26 49 38 29 29 29 36 20 28 46 40 38 56 50
"NM_001105076" 5 6 10 9 5 12 4 12 6 11 4 6 8 5
"NM_001039510" 0 0 0 0 0 0 0 0 0 0 0 0 0 0
"NR_034048" 16 21 25 18 24 8 16 21 20 13 17 19 18 14
"NM_001166634" 0 0 0 0 0 0 0 0 0 0 0 0 0 0
"NM_001161356" 3 6 3 6 5 2 4 13 6 6 6 4 5 4
"NM_177233" 0 0 0 0 0 0 0 0 1 0 0 0 0 0
"NM_001110320" 0 0 0 0 0 0 0 0 0 0 0 0 0 0
"NR_040704" 0 0 0 0 0 0 0 0 0 0 0 0 0 0
"NM_001177580" 0 0 3 1 2 1 1 0 1 3 0 0 1 0
"NM_028621" 0 0 0 0 0 0 0 0 0 0 0 0 0 0
"NM_173786" 0 0 0 0 0 0 0 0 0 0 0 0 2 0
"NM_153576" 1 4 1 1 3 0 3 2 3 0 1 1 3 0
"NM_029186" 487 501 502 530 449 536 515 560 627 528 453 526 693 596
"NM_011779" 3645 4237 4290 3662 3695 3531 3947 3923 3990 3264 2850 2513 4095 3367
"NM_153573" 261 383 344 368 369 335 357 445 410 288 241 316 310 283
"NM_001277892" 0 0 0 0 0 0 0 0 0 0 0 0 0 0
"NM_011550" 93 89 94 66 73 74 106 90 74 64 68 38 81 101
"NM_001300892" 0 0 0 0 0 0 0 0 0 0 0 0 0 0
"NM_028836" 0 0 0 0 0 0 0 0 0 0 0 0 0 0
"NM_029425" 3 4 2 5 3 0 2 2 1 3 0 0 3 0
"NM_026962" 29 31 41 31 39 33 36 37 32 21 27 36 38 31
"NM_009985" 21 21 31 32 28 26 26 26 25 35 18 19 17 18
"NM_026468" 8060 9011 9285 8279 7591 8314 8458 9345 9364 8360 7350 7910 9068 8129
"NM_025708" 851 986 906 841 835 719 800 918 917 775 686 688 927 872
"NM_145514" 3191 4205 4165 3702 3583 2735 3261 3413 3697 3060 3049 3355 4054 3895
"NM_001163513" 20 22 23 16 20 9 13 16 18 21 21 11 17 26
"NM_007461" 0 0 0 0 0 0 0 0 0 0 0 0 0 0
"NM_001252201" 105 120 120 124 118 89 105 84 105 111 105 100 127 127
"NM_028542" 162 214 212 173 151 111 218 127 192 132 170 137 188 189
"NM_147005" 0 0 0 0 0 0 0 0 0 0 0 0 0 0
"NM_010025" 0 0 0 0 0 0 0 0 0 0 0 0 0 0
"NM_029053" 0 0 0 0 0 0 0 0 0 0 0 0 0 0
"NM_027985" 537 608 594 619 530 597 607 697 691 523 475 721 673 572
"NM_001205287" 0 0 0 0 0 0 0 0 0 0 0 0 0 0
"NM_007886" 0 0 1 0 0 0 0 1 0 1 0 1 2 1
"NM_001039512" 0 0 0 0 0 0 0 0 0 0 0 0 0 0
"NM_001166623" 6 22 15 13 14 8 6 8 13 13 6 10 17 12
"NM_001113412" 1782 2210 2168 1971 1868 2110 1994 2269 2547 1934 1697 2027 2123 1874
"NM_029887" 48 45 61 63 67 51 60 59 81 64 73 18 81 83
"NM_028882" 20 25 32 62 48 17 25 22 25 54 14 54 26 24
"NM_001037759" 5 6 6 3 6 4 3 1 7 4 7 6 5 2
"NM_011482" 1905 2253 2256 1979 2103 1976 2004 2348 2335 1956 1661 1850 2395 2142
"NM_001164655" 1 0 3 1 2 2 0 1 2 3 1 3 3 4
"NR_027869" 1 1 3 7 0 1 1 2 3 4 1 3 0 0
"NR_024324" 1 0 0 0 0 0 0 1 0 0 0 0 0 0
"NM_001177464" 1 3 1 1 1 1 3 3 0 2 3 0 2 2
"NM_025673" 3129 3944 3974 3367 3605 2918 3575 3541 3828 3231 3003 2834 3960 3660
"NM_001001984" 2459 3017 2903 2594 2520 1971 2477 2446 2805 2558 2421 2407 3141 2992
"NM_008006" 1 1 1 3 4 0 0 3 2 1 0 0 2 0
"NM_181347" 0 0 0 0 0 0 0 0 0 0 0 0 0 0
"NM_175503" 5 9 1 4 4 4 6 7 6 4 1 2 6 4
"NM_001101502" 0 0 0 0 0 0 0 0 0 0 0 0 0 0
"NM_025815" 25 60 57 72 64 40 51 67 57 65 42 68 51 83
"NM_010886" 19922 22984 23172 20542 21130 22254 20833 25682 24217 19556 17913 18081 21401 18890
"NM_001033039" 404 503 494 482 454 452 427 511 568 383 327 388 419 377
"NM_021512" 389 530 481 370 399 354 458 424 502 398 384 342 543 442
"NM_011929" 1044 1356 1223 1072 908 781 999 1125 1508 926 1122 976 1458 1289
"NM_001177405" 0 0 0 0 0 0 0 0 0 0 0 0 0 0
"NM_008861" 4992 6763 7244 6543 5629 3977 4512 5335 6769 7687 7186 6835 7470 10229
"NM_001159612" 25 20 14 14 18 11 14 17 17 12 19 14 21 17
"NM_001029855" 12 13 10 16 11 12 8 13 16 12 9 9 20 13
"NM_013922" 41 86 86 90 90 85 68 73 100 90 84 106 83 72
"NM_201376" 0 0 0 0 0 0 0 0 0 0 0 0 0 0
"NM_153796" 1180 1516 1471 1214 1386 1147 1319 1486 1661 1531 1437 1339 1616 1600
"NM_019918" 4 0 3 0 2 2 1 1 3 2 0 5 1 2
"NM_001177720" 37 41 39 31 34 27 39 38 38 36 37 36 40 29
"NM_173022" 233 265 253 245 213 202 292 276 284 213 260 244 327 277
"NM_001038997" 0 0 0 0 0 0 0 0 0 0 0 0 0 0
"NM_026251" 0 0 1 0 0 1 2 1 1 1 0 1 0 0
"NM_173401" 0 0 0 0 0 0 0 0 0 0 0 0 0 0
"NR_029797" 0 0 0 0 0 0 0 0 0 0 0 0 0 0
"NM_023480" 4820 5354 5156 4705 4523 5025 5144 5753 5440 4082 3794 4556 4527 3951
"NM_001011849" 0 0 0 0 0 0 0 0 0 0 0 0 0 0
"NM_008058" 441 530 547 436 474 427 506 499 519 388 348 268 402 439
"NM_001286393" 0 0 0 0 0 0 0 0 0 0 0 0 0 0
"NM_021720" 93 147 136 147 123 134 104 144 142 140 105 133 144 119
"NM_001164570" 4 8 7 9 8 4 8 2 9 8 6 0 6 13
"NM_146091" 35 53 49 27 37 20 54 39 40 42 37 36 60 61
"NR_045344" 0 0 0 0 0 0 0 0 0 0 0 0 0 0
"NM_031493" 1 0 1 0 0 1 0 1 0 1 0 0 0 0
"NM_001008232" 550 568 557 511 573 636 671 620 701 576 560 540 606 622
"NM_207670" 0 0 0 0 0 0 0 0 0 0 0 0 0 0
"NM_001014997" 0 0 0 0 0 0 0 0 0 0 0 0 0 0
"NM_001163548" 0 0 0 0 0 0 0 0 0 0 0 1 0 1
"NR_029741" 5 8 6 6 6 4 8 13 8 5 6 5 6 12
"NM_013552" 61 113 56 58 30 47 61 51 47 29 81 11 34 86
"NM_001102437" 0 0 0 0 0 0 0 0 0 0 0 0 0 0
"NM_001080999" 0 0 0 0 0 0 0 0 0 0 0 0 0 0
"NM_013504" 0 0 0 0 0 0 0 0 0 0 0 0 0 0
"NM_001033389" 84 93 99 88 78 77 85 92 109 65 65 56 83 74
"NM_183097" 65 64 78 68 55 67 47 96 93 50 59 70 73 71
"NM_178082" 1 7 6 3 5 5 3 3 4 4 6 4 4 1
"NM_001163191" 0 0 2 2 0 0 0 2 0 1 0 0 0 0
"NM_001122832" 220 340 324 265 270 217 259 255 310 265 184 171 232 255
"NM_175556" 2 0 0 8 0 2 1 0 0 2 1 0 0 2
"NM_001127351" 182 209 232 187 169 139 159 179 207 213 190 273 235 243
"NM_133671" 0 0 0 0 0 0 0 0 0 0 0 0 0 0
"NM_013589" 8 13 32 58 54 7 13 35 5 13 16 13 8 92
"NM_001145406" 0 0 0 0 0 0 0 0 0 0 0 0 0 0
"NR_040644" 0 0 0 0 0 0 0 0 0 0 0 0 0 0
"NR_002885" 0 0 0 0 0 0 0 0 0 0 0 0 0 0
"NM_001286942" 0 0 0 0 0 0 0 0 0 0 0 0 0 0
"NM_001271370" 2 1 1 3 0 4 1 5 3 2 3 2 2 1
"NM_001190805" 0 0 0 0 0 0 0 0 0 0 0 0 0 0
"NM_001271558" 0 0 0 0 0 0 0 0 0 0 0 0 0 0
"NM_013914" 19 14 15 17 15 16 15 16 22 16 9 14 18 17
"NM_007980" 0 0 0 0 0 0 0 0 0 1 0 0 0 0
"NM_053182" 0 0 0 0 0 0 0 0 0 0 0 0 0 0
"NM_007511" 78 120 125 105 73 78 106 102 116 109 70 107 124 120
"NM_029354" 583 584 561 550 477 555 541 686 612 536 489 628 606 640
"NR_028543" 5 5 6 2 2 6 4 6 6 5 4 3 6 6
"NM_198297" 2 0 0 1 0 1 2 2 2 0 0 2 2 0
"NR_037240" 0 0 0 0 0 0 0 0 0 0 0 0 0 0
"NM_153085" 0 0 0 0 0 0 0 0 0 0 0 0 0 0
"NM_007672" 3915 4075 3882 3278 3745 2841 3678 3294 3111 2786 3263 3094 4350 3440
"NM_001164532" 0 0 0 0 1 1 0 5 0 1 1 2 1 1
"NM_019700" 0 0 0 0 0 0 0 0 0 0 0 0 0 0
"NM_020501" 0 0 0 0 0 0 0 0 0 0 0 0 0 0
"NM_023172" 12101 13237 14133 12635 12117 13434 12635 15717 15517 13577 11626 12371 15061 13039
"NM_172429" 878 1153 1160 1009 1080 942 1034 1181 1091 993 850 828 1100 988
"NM_011759" 0 1 1 0 2 1 1 0 1 2 1 3 3 2
"NM_023294" 24 57 18 19 17 18 13 20 18 22 21 6 15 34
"NM_178907" 491 477 554 472 380 498 468 503 497 384 443 447 575 447
"NM_023514" 1375 1617 1622 1567 1365 1461 1326 1662 1657 1439 1236 1807 1654 1527
"NM_001285785" 1 1 1 8 4 2 2 4 3 0 2 5 1 1
"NM_001039105" 0 0 0 0 0 0 0 0 0 0 0 0 0 0
"NM_153782" 148 128 159 191 118 187 151 193 191 155 172 294 215 210
"NM_016719" 580 668 698 666 616 612 586 680 717 610 560 602 774 714
"NM_001177709" 0 0 0 0 0 0 0 0 0 0 0 0 0 0
"NR_030526" 0 0 0 1 1 1 4 0 2 1 0 0 0 1
"NM_001166544" 0 0 0 0 0 0 0 0 0 0 0 0 0 0
"NR_046013" 5 5 4 3 0 5 2 6 6 1 5 2 6 7
"NM_028069" 0 0 0 0 0 0 0 0 0 0 0 0 0 0
"NM_027014" 33 41 45 30 23 28 21 33 32 32 45 33 38 32
"NM_011155" 3485 4390 4299 3731 3587 3551 3997 4169 4296 3620 3326 3110 4207 3900
"NM_008900" 1208 1730 1945 2034 1786 1637 1631 1937 2008 2324 1339 1238 1677 1511
"NM_172738" 405 387 412 379 402 377 426 435 382 353 339 304 397 336
"NM_001037741" 70 72 43 73 73 95 108 114 97 81 56 79 65 57
"NM_001080775" 8 2 7 8 8 10 14 4 6 8 7 3 12 9
"NR_035459" 0 1 0 1 0 0 0 0 0 1 0 0 1 1
"NM_001253834" 0 0 0 0 0 0 0 0 0 0 0 0 0 0
"NM_172203" 4 1 2 1 1 2 2 4 0 0 3 1 1 0
"NM_009718" 18 38 32 25 44 46 32 47 37 31 20 11 9 16
"NM_177696" 0 0 0 0 0 0 0 0 0 1 0 0 0 0
"NM_001289626" 0 0 0 0 0 0 0 0 0 0 0 0 0 0
"NM_146330" 0 0 0 0 0 0 0 0 0 0 0 0 0 0
"NM_019632" 114 135 155 168 155 120 140 150 151 117 112 132 174 157
"NM_001195265" 28 30 56 57 58 53 53 53 61 51 49 33 58 46
"NM_178598" 3503 3969 4371 4040 3510 3875 3575 3980 4151 3822 3305 5181 4193 3667
"NM_172546" 494 615 595 565 503 489 465 501 593 548 475 521 572 613
"NM_001039509" 25 39 36 27 24 30 28 18 36 22 30 24 31 21
"NM_009738" 2 16 35 24 52 7 6 4 6 3 8 4 7 53
"NM_008389" 609 839 825 610 675 581 656 701 757 635 650 603 845 742
"NM_144816" 308 445 424 430 409 439 468 485 436 388 264 299 357 350
"NR_073192" 0 0 0 0 0 0 0 0 0 0 0 0 0 0
"NM_001254760" 0 0 0 0 0 0 0 0 0 0 0 0 0 0
"NM_027921" 1755 1761 1915 810 968 1572 2408 1477 1623 709 1271 1060 2911 1023
"NM_201407" 292 366 358 388 287 311 360 380 413 358 280 305 367 350
"NM_053146" 0 1 3 1 5 0 2 2 2 2 1 1 4 2
"NM_172921" 13 24 19 25 14 13 13 12 21 19 17 22 8 18
"NM_001285470" 0 0 0 0 0 0 0 0 0 0 0 0 0 0
"NR_045322" 7 12 7 16 3 8 12 9 13 13 9 17 11 16
"NM_009957" 0 0 0 0 0 0 0 0 0 0 0 0 0 0
"NM_153761" 0 1 0 1 0 1 1 1 3 0 0 2 3 0
"NM_080858" 0 3 3 1 0 0 0 1 1 0 0 0 0 1
"NM_001271501" 0 0 0 0 0 0 0 0 0 0 0 0 0 0
"NM_001277259" 0 0 1 2 1 1 1 2 0 1 0 2 2 2
"NM_010823" 0 0 0 0 0 0 0 0 0 0 0 0 0 0
"NM_013543" 3436 3679 3926 3982 3561 3935 3974 4459 4273 3539 3061 3330 3917 3293
"NM_001168521" 0 0 0 0 1 0 0 0 0 1 1 0 0 0
"NM_009005" 0 0 0 0 0 0 0 0 0 0 0 0 0 0
"NM_001253857" 0 0 1 0 0 1 0 0 2 0 1 0 0 0
"NR_045732" 1 0 0 0 0 0 1 2 0 0 0 1 0 1
"NM_016862" 0 0 0 0 0 0 0 0 0 0 0 0 0 0
"NM_010175" 710 646 682 650 545 765 756 742 818 619 615 635 744 614
"NM_172798" 0 0 0 0 0 0 0 0 0 0 0 0 0 0
"NR_035452" 0 0 0 0 0 0 0 0 0 0 0 0 0 0
"NM_001177784" 2 2 2 3 2 2 2 2 5 5 6 0 5 3
"NR_105949" 0 0 0 0 0 0 0 0 0 0 0 0 0 0
"NM_001010830" 0 0 0 0 0 0 0 0 0 0 0 0 0 0
"NM_028603" 245 289 277 241 263 239 270 267 273 191 203 187 224 226
"NM_001253894" 116 114 135 145 122 146 146 135 129 131 84 78 97 122
"NM_001281955" 1 1 0 1 1 1 1 0 0 1 2 1 0 0
"NM_198642" 6 8 6 15 9 8 8 15 9 6 6 6 8 5
"NM_001025310" 0 0 0 0 0 0 0 0 0 0 0 0 0 0
"NM_025732" 7 8 10 9 13 10 9 8 15 3 5 5 6 11
"NM_001009952" 0 0 0 0 0 0 0 0 0 0 0 0 0 0
"NM_001162970" 44 32 43 43 31 72 32 45 31 51 22 171 58 51
"NM_198420" 0 0 0 0 0 0 0 0 0 0 0 0 0 0
"NM_001159908" 0 0 0 0 0 0 0 0 0 0 0 0 0 0
"NM_011520" 396 379 486 796 558 361 501 431 408 646 303 528 407 408
"NR_003373" 0 0 0 0 0 0 0 0 0 0 0 0 0 0
"NM_001011738" 0 0 0 0 0 0 0 0 0 0 0 0 0 0
"NM_001111102" 0 0 0 0 0 0 0 0 0 0 0 0 0 0
"NM_178657" 0 0 0 0 0 0 0 0 0 0 0 0 0 0
"NM_080553" 250 350 396 447 393 292 376 410 351 393 245 291 324 374
"NM_001291035" 3 8 8 4 4 2 4 4 5 1 9 4 6 2
"NM_007946" 0 1 0 1 0 0 0 0 0 0 0 1 0 0
"NM_001122896" 0 0 0 0 0 0 0 0 0 0 0 0 0 0
"NM_009000" 1796 2168 2119 2233 1785 1964 2087 2403 2441 1826 1738 1954 2177 1927
"NM_008918" 0 0 0 0 0 0 0 0 0 1 0 0 0 1
"NM_183113" 0 0 0 0 0 0 0 0 0 0 0 0 0 0
"NM_011581" 102 137 191 230 190 117 135 180 139 138 103 149 120 145
"NM_001083318" 5 11 6 5 2 2 6 4 6 5 7 6 11 4
"NM_146734" 0 0 0 0 0 0 0 0 0 0 0 0 0 0
"NM_019446" 0 0 0 0 0 0 0 0 0 0 0 0 0 0
"NM_001271419" 0 0 0 0 0 0 0 0 0 0 0 0 0 0
"NM_001104615" 0 0 0 0 0 0 0 0 0 0 0 0 0 0
"NM_011862" 48 64 59 46 58 35 57 44 71 64 74 53 97 86
"NM_010050" 3 3 41 54 123 2 1 3 2 3 1 0 0 75
"NM_147201" 2235 2656 2592 2385 2200 2248 2429 2559 2497 2122 1994 2141 2510 2291
"NM_029953" 9 24 16 9 17 8 12 16 18 19 13 11 23 20
"NM_001163582" 0 0 0 0 0 0 0 0 0 0 0 0 0 0
"NR_029591" 0 0 0 0 0 0 0 0 0 0 0 0 0 0
"NM_018804" 396 483 496 467 443 488 483 451 462 534 338 395 449 424
"NR_028416" 2 5 9 11 2 3 1 5 7 2 3 7 3 7
"NM_001113368" 13 27 25 21 19 17 12 11 19 11 24 16 29 20
"NM_010475" 19 16 34 18 34 19 24 23 36 27 35 36 42 34
"NM_175274" 1722 1895 1777 1831 1392 1597 1637 1824 1841 1752 1580 1466 1818 1726
"NM_027977" 3279 4485 4357 3692 3724 3437 3227 4174 4250 3353 3422 3908 4268 4461
"NM_019760" 7792 10811 9920 7879 9859 6896 9093 9562 9901 7590 6937 7104 9411 8520
"NR_029736" 0 0 2 1 0 0 1 1 1 1 0 0 0 0
"NM_172513" 1136 1811 1672 1379 1631 1026 1405 1391 1488 1516 1381 1207 1667 1681
"NM_022423" 8054 8795 9211 8150 7544 8153 8479 9317 9347 8275 7340 6726 9349 8324
"NR_028341" 0 0 0 0 0 0 0 0 0 0 0 0 0 0
"NM_009623" 0 0 0 0 0 0 0 0 0 1 0 0 0 0
"NR_105975" 0 0 0 0 0 0 0 0 0 0 0 0 0 0
"NM_001080553" 0 0 0 0 0 0 0 0 0 0 0 0 0 0
"NM_146942" 0 0 0 0 0 0 0 0 0 0 0 0 0 0
"NR_015585" 187 299 309 348 256 309 306 341 361 272 245 303 218 295
"NM_001033136" 2240 2757 2760 2347 2555 2471 2674 2759 2714 2540 2148 2011 2979 2691
"NR_029580" 2 0 1 1 2 1 2 1 6 4 1 1 0 1
"NM_026716" 0 7 24 59 14 10 6 4 13 77 1 20 6 6
"NM_146406" 0 0 0 0 0 0 0 0 0 0 0 0 0 0
"NM_008989" 324 282 301 300 297 222 303 261 296 304 267 148 378 372
"NM_026078" 12 23 12 18 18 13 16 19 27 18 14 19 13 12
"NM_176073" 0 0 0 0 0 0 0 0 0 0 0 0 0 0
"NM_053107" 0 0 0 0 0 0 0 0 0 0 0 0 0 0
"NM_001159535" 0 0 0 0 0 0 0 0 0 0 0 0 0 0
"NM_001272076" 0 0 1 0 0 0 0 0 1 0 0 0 0 0
"NM_146524" 0 0 0 0 0 0 0 0 0 0 0 0 0 0
"NM_001291235" 0 0 0 0 0 0 0 0 0 0 0 0 0 0
"NM_183144" 0 0 0 0 0 0 0 0 0 0 0 0 0 0
"NM_001099329" 0 0 0 0 0 0 0 0 0 0 0 0 0 0
"NM_172451" 0 0 0 0 0 0 0 0 0 0 0 0 0 0
"NM_010850" 0 0 0 0 0 0 0 0 0 0 0 0 0 0
"NM_027901" 2417 3133 3187 2834 2754 2431 2780 2969 3157 2781 2426 2534 3219 3066
"NM_023605" 147 63 61 121 83 131 174 114 67 124 119 45 129 87
"NM_001190448" 220 285 279 213 220 207 213 255 313 175 203 318 355 344
"NM_177603" 7 14 12 23 11 21 19 15 21 24 11 20 19 24
"NM_147043" 0 0 0 0 0 0 0 0 0 0 0 0 0 0
"NM_133255" 350 381 395 401 317 362 362 425 436 353 348 377 359 337
"NR_033612" 6 6 6 3 8 6 4 10 3 6 2 3 7 7
"NR_033340" 23 16 21 19 26 31 22 31 32 36 20 30 28 17
"NM_001205053" 0 0 1 0 0 0 0 0 0 0 0 0 0 0
"NM_001302886" 0 0 0 0 0 1 2 1 0 0 1 0 0 0
"NR_035496" 0 1 1 2 0 0 0 2 2 0 0 1 0 0
"NM_001281830" 0 1 1 2 0 1 0 1 0 0 0 2 0 2
"NM_016979" 338 404 393 325 351 283 310 338 372 375 305 290 494 430
"NM_001302260" 0 0 0 0 1 0 0 1 0 0 0 0 0 0
"NM_001104578" 0 0 0 0 0 0 0 0 0 0 0 0 0 0
"NM_031189" 0 0 0 0 0 0 0 0 0 0 0 0 0 0
"NM_008243" 13 19 10 15 15 14 14 16 13 8 8 7 12 6
"NR_105901" 0 0 0 0 0 0 0 0 0 0 0 0 0 0
"NM_028945" 98 127 146 89 107 111 143 103 108 124 78 91 114 99
"NM_022031" 1 0 1 1 0 0 0 0 0 0 0 0 0 0
"NM_175470" 2 2 1 2 0 2 6 6 11 3 1 6 1 2
"NM_008153" 52 58 133 139 110 61 98 100 85 126 68 92 78 108
"NM_007410" 573 656 699 475 532 437 625 567 709 548 558 573 628 610
"NM_025882" 1313 1581 1413 1280 1571 1322 1571 1668 1624 1411 1143 787 1312 1198
"NM_008301" 13 15 16 8 10 9 10 13 9 13 16 7 13 19
"NR_029770" 0 0 0 0 0 0 0 0 0 0 0 0 0 0
"NM_026140" 513 546 578 431 522 472 608 597 610 447 386 420 558 467
"NM_146194" 0 0 0 0 0 0 0 0 0 0 0 0 0 0
"NM_025516" 6335 7636 7351 6856 6214 6692 6901 7581 7695 6676 5854 5510 6997 6292
"NM_001252555" 21 33 42 34 32 30 40 39 34 30 31 24 35 31
"NM_001136104" 0 0 0 0 0 0 0 0 0 0 0 0 0 0
"NM_146917" 0 0 0 0 0 0 0 0 0 0 0 0 0 0
"NR_045812" 0 0 0 0 0 0 0 0 0 0 0 0 0 0
"NM_001042659" 0 0 0 0 0 0 0 0 0 0 0 0 0 0
"NM_019488" 683 705 739 770 604 685 649 871 873 731 649 751 867 790
"NM_001040087" 0 0 0 0 0 0 0 0 0 0 0 0 0 0
"NM_138951" 27305 22942 22397 29458 23302 32448 33893 36562 26714 25362 20752 16508 24869 20164
"NM_025893" 0 0 0 0 0 0 0 0 0 0 0 0 0 0
"NM_177570" 0 1 2 2 0 1 0 2 6 0 0 0 1 3
"NM_001083320" 0 0 0 0 0 0 0 0 0 0 0 0 0 0
"NM_182990" 49 63 40 39 42 37 49 31 56 59 50 28 66 62
"NM_001081280" 2 3 6 4 6 1 6 6 2 6 5 5 6 4
"NM_010517" 33655 34126 34989 34091 28838 34250 32335 36735 36518 32581 33783 29896 40230 37592
"NM_001130174" 0 0 0 0 0 0 0 0 0 0 0 0 0 0
"NM_001024702" 19 26 12 22 15 15 15 23 20 18 10 7 16 10
"NM_025424" 1459 1366 1472 1568 1345 1644 1690 1743 1597 1385 1102 972 1329 1163
"NM_001195726" 1 0 0 0 0 0 1 0 1 1 0 1 0 0
"NM_001142410" 6 4 7 4 6 4 6 4 3 3 1 1 5 1
"NM_011406" 0 0 0 0 0 0 0 0 0 0 0 0 0 0
"NM_001039522" 903 1120 1023 925 1028 943 1088 1050 1034 695 751 600 1010 777
"NM_026752" 1353 1565 1694 1738 1358 1319 1347 1714 1711 1398 1279 1406 1453 1623
"NM_181753" 0 0 0 0 0 0 0 2 0 0 0 0 0 0
"NM_133208" 29 34 44 45 41 26 26 28 27 33 20 26 35 35
"NM_019705" 10 14 13 8 11 12 12 10 10 10 16 8 19 9
"NM_001205386" 0 0 0 0 0 0 0 0 0 0 0 0 0 0
"NM_001111059" 13 16 22 28 24 16 14 18 19 32 16 23 13 19
"NM_001167799" 132 161 130 127 102 106 141 133 163 116 117 112 150 127
"NM_053138" 5 1 5 2 3 4 3 2 0 6 1 4 5 0
"NM_008730" 1 0 4 9 2 0 1 1 0 6 1 5 0 1
"NM_015782" 178 251 236 196 211 201 201 254 204 220 171 94 217 226
"NM_198031" 920 1199 1160 1093 951 953 1079 1284 1248 968 841 1097 1082 1052
"NM_001286540" 0 0 0 0 0 0 0 0 0 0 0 0 0 0
"NR_035489" 0 0 0 0 0 0 0 0 0 0 0 0 0 0
"NM_010404" 13 15 14 19 14 8 9 23 23 14 3 21 13 11
"NM_178244" 2 0 1 0 0 1 0 0 0 0 0 0 0 1
"NM_001163627" 181 220 238 232 192 166 165 214 252 193 195 243 212 223
"NR_105775" 0 0 0 0 0 0 0 0 0 0 0 0 0 0
"NR_045279" 0 0 0 0 0 0 0 0 0 0 0 0 0 0
"NM_146708" 0 0 0 0 0 0 0 0 0 0 0 0 0 0
"NM_011217" 0 0 0 0 0 0 0 0 0 0 0 0 1 0
"NM_001288586" 0 0 0 0 0 0 0 0 0 0 0 0 0 0
"NM_025456" 992 1197 1154 953 999 916 1033 1141 1208 948 853 1035 1211 1051
"NM_015773" 26 31 33 26 15 21 24 35 21 31 19 22 24 16
"NM_001291151" 0 0 0 0 0 0 0 0 0 0 0 0 0 0
"NM_001008706" 0 0 0 0 0 0 0 0 0 0 0 0 0 0
"NR_046161" 0 0 0 0 0 0 0 0 0 0 0 0 0 0
"NM_147218" 1 6 4 7 10 3 4 5 0 7 2 11 3 7
"NM_001173505" 0 0 0 0 0 0 0 0 0 0 0 0 0 0
"NM_001164173" 0 0 0 0 0 0 0 0 0 0 0 0 0 0
"NM_027159" 555 663 670 577 591 562 572 608 684 588 554 525 697 573
"NM_183406" 3 5 6 4 3 3 6 5 9 4 3 17 5 7
"NM_001085538" 0 0 0 0 0 0 0 0 0 0 0 0 0 0
"NM_023203" 659 709 752 755 707 776 764 842 873 765 665 727 775 728
"NM_011887" 0 0 0 0 0 0 1 0 2 0 0 1 0 4
"NM_001163666" 0 0 0 0 0 0 0 0 0 0 0 0 0 0
"NM_010049" 2900 3518 3459 2741 2841 2733 2611 3249 3400 2706 2841 2631 3107 3145
"NM_026720" 41 55 72 72 60 48 55 50 55 65 39 35 51 39
"NM_019693" 230 283 284 275 231 188 231 237 284 233 247 233 286 303
"NR_045302" 0 2 1 1 1 1 1 0 1 1 1 2 1 0
"NM_021408" 10 5 2 7 10 1 4 3 4 3 8 1 3 2
"NM_029381" 1 0 1 0 0 0 0 0 0 0 0 1 1 1
"NM_009050" 0 0 0 0 0 0 0 0 0 0 0 0 0 0
"NM_024256" 2161 2383 2499 2264 2133 2312 2445 2649 2533 2261 1980 1753 2435 2012
"NM_146688" 0 0 0 0 0 0 0 0 0 0 0 0 0 0
"NR_108103" 1 0 2 0 0 0 0 1 1 0 0 0 1 2
"NM_198249" 51 52 72 100 49 73 78 65 73 74 34 35 60 47
"NR_033567" 2 1 1 0 0 2 0 4 1 0 3 0 2 0
"NR_003960" 0 0 0 0 0 0 0 0 0 0 0 0 0 0
"NM_177613" 2291 2666 2658 2319 2283 2536 2628 2646 2701 2386 2035 1884 3078 2351
"NM_001252579" 0 0 0 0 0 0 0 0 0 0 1 0 0 0
"NM_001163610" 517 713 658 714 706 573 551 608 685 693 531 484 624 743
"NM_001081230" 325 443 421 335 384 366 408 384 376 304 376 303 437 444
"NR_027989" 3 6 7 3 5 5 3 3 5 9 2 2 4 4
"NM_015797" 5 6 4 6 4 7 7 10 7 5 6 5 7 7
"NM_001243587" 0 0 0 0 0 0 0 0 0 0 0 0 0 0
"NM_177589" 70 83 67 65 43 58 61 58 64 60 45 43 62 63
"NM_133937" 3215 3777 3993 3501 3527 3516 3510 3870 3939 3623 3138 3461 3874 3488
"NM_001122661" 1 4 5 7 2 7 3 6 1 1 4 1 2 3
"NM_080467" 9005 11308 10967 8405 8688 7996 8914 9339 11342 8171 8991 13192 10383 10596
"NM_001101488" 10 14 24 18 12 14 4 14 14 8 19 19 12 21
"NM_184088" 885 1307 1251 972 1053 805 1054 973 1164 1057 1023 877 1444 1356
"NM_134139" 965 1077 1077 987 942 1002 1013 1165 1144 942 781 999 1194 962
"NM_198616" 110 35 44 130 90 187 192 154 86 167 126 7 151 119
"NM_172497" 0 0 1 2 0 0 1 1 2 0 0 0 1 1
"NM_033541" 58 73 102 112 43 72 53 73 78 70 58 95 60 83
"NM_008421" 3 4 2 1 6 1 0 1 1 1 2 2 1 3
"NM_023537" 112 131 170 131 116 121 137 192 133 104 115 117 136 114
"NR_027953" 1 1 3 4 3 4 6 6 2 3 3 3 3 5
"NM_207622" 0 0 0 0 0 0 0 0 0 0 0 0 0 0
"NM_008990" 205 220 255 269 210 214 231 252 241 212 204 245 218 204
"NM_009854" 7 6 2 6 4 8 9 7 5 1 5 7 4 5
"NM_145983" 32 38 47 49 40 32 33 40 23 52 25 49 35 40
"NM_001003664" 0 0 0 0 0 0 0 0 0 0 0 0 0 0
"NM_053206" 0 0 1 1 0 1 1 0 1 0 1 0 0 0
"NM_001014973" 2057 2818 2691 2094 2326 1790 2243 2373 2580 2192 2193 1983 3106 2806
"NM_029689" 0 0 0 0 0 0 0 0 0 0 0 0 0 0
"NM_001291079" 0 0 0 0 0 0 0 0 0 0 0 0 0 0
"NR_035410" 0 0 0 0 0 0 0 0 0 0 0 0 0 0
"NM_153805" 91 128 153 152 143 127 162 140 159 156 97 163 111 124
"NM_016710" 1569 1880 2090 1757 1720 1700 1607 1624 1740 1609 1614 2068 1697 1779
"NR_040626" 0 0 1 0 1 2 0 1 2 1 1 1 0 0
"NM_009395" 39 37 41 39 27 17 41 21 43 40 37 25 63 50
"NM_028658" 3919 4690 5095 4671 3302 4282 4382 4703 4422 3670 3265 2821 4409 3355
"NR_040598" 0 0 0 0 0 0 0 0 0 0 0 0 0 0
"NM_001285906" 0 0 0 0 0 0 0 0 0 0 0 0 0 0
"NM_001276340" 5 5 3 2 7 2 3 5 7 3 5 6 5 5
"NM_031381" 0 1 1 2 1 0 2 2 2 1 1 0 1 1
"NM_028844" 127 138 143 147 123 134 171 184 152 132 130 136 189 149
"NM_021423" 309 260 399 785 505 345 514 412 354 602 295 411 367 421
"NM_001172122" 0 0 0 0 0 0 0 0 0 0 0 0 0 0
"NM_027694" 0 0 0 0 0 0 0 0 0 0 0 0 0 0
"NM_009684" 0 0 0 0 0 0 0 0 0 0 0 0 0 0
"NM_001163159" 3 4 4 1 8 1 1 2 6 1 4 4 5 8
"NM_178743" 516 613 620 580 478 477 438 508 607 451 440 567 587 561
"NM_007999" 10 18 16 16 15 7 13 14 12 16 22 9 19 14
"NM_146315" 0 0 0 0 0 0 0 0 0 0 0 0 0 0
"NM_001271766" 0 0 0 0 0 0 0 0 0 0 0 0 0 0
"NM_025855" 81 115 99 86 95 62 81 71 109 82 98 50 114 125
"NM_009648" 0 0 0 0 0 0 0 0 0 0 0 0 0 0
"NM_177089" 46 41 50 36 33 23 33 38 38 43 35 32 53 53
"NM_146383" 1 0 0 4 0 1 3 4 0 1 1 0 3 0
"NM_145442" 149 208 197 192 189 180 191 226 236 186 159 219 231 196
"NM_020282" 11 17 25 20 21 16 20 17 21 22 17 21 16 19
"NM_023210" 13 13 23 10 17 13 14 11 16 14 14 15 6 15
"NM_001034871" 0 0 0 0 0 0 0 0 0 0 0 0 0 0
"NM_001015039" 5 4 6 9 4 3 3 2 4 2 3 9 4 3
"NR_030500" 0 0 0 0 0 0 0 0 0 0 0 0 0 0
"NM_001165934" 6 19 26 41 33 10 16 16 18 38 6 13 13 20
"NM_019479" 2422 2472 2735 2522 2327 2258 2507 2889 2809 2332 2138 1382 2165 1932
"NM_001289548" 0 0 0 0 0 0 0 0 0 0 0 0 0 0
"NM_133806" 4320 4719 4564 3368 4386 3226 4393 4072 4432 3680 4060 2835 4914 4259
"NM_008976" 366 509 699 706 664 385 444 528 439 741 317 411 495 564
"NM_177671" 0 0 0 0 0 0 0 0 0 0 0 0 0 0
"NM_001290398" 0 0 0 0 0 0 0 0 0 0 0 0 0 0
"NM_001048176" 9 4 9 10 6 7 4 10 8 3 2 3 8 10
"NM_001166463" 0 0 0 0 0 0 0 0 0 0 0 0 0 0
"NM_026879" 1777 2162 2011 1846 2020 1950 2124 2197 2241 1770 1751 1826 2511 2023
"NR_105803" 0 0 0 0 0 0 0 0 0 0 0 0 0 0
"NR_028428" 981 1335 1466 1352 1260 897 1114 1368 1467 1137 1070 1122 1278 1583
"NM_001077421" 1 1 2 2 1 0 0 1 2 0 2 2 1 0
"NM_008644" 0 0 0 0 0 0 0 0 0 0 0 0 0 0
"NM_009797" 2252 2961 2877 2336 2840 2299 2728 2704 2641 2261 2062 1649 2812 2282
"NM_001081075" 368 452 485 414 386 418 388 445 445 375 354 418 462 380
"NM_001081060" 1774 2422 2336 1704 1640 1083 1845 1608 2129 1731 2165 1071 2518 2602
"NM_029211" 643 805 782 695 702 622 710 809 851 687 583 542 854 708
"NM_153142" 345 320 327 325 219 347 300 427 430 267 352 342 496 397
"NM_001025586" 0 0 0 0 0 0 0 0 0 0 0 0 0 0
"NM_207227" 0 0 0 0 0 0 0 0 0 1 0 0 0 0
"NM_177923" 0 0 0 1 0 0 0 2 2 1 0 0 0 0
"NM_033145" 0 0 0 0 0 1 0 0 0 0 0 0 0 1
"NM_001013012" 1225 1174 1168 1382 1138 1240 1329 1437 1281 1202 1047 836 1426 1145
"NM_001252658" 0 0 0 0 0 0 0 0 0 0 0 0 0 0
"NM_001033302" 30 33 47 53 41 24 43 31 59 140 110 64 88 196
"NR_045281" 0 0 0 0 0 0 0 0 0 0 0 0 0 0
"NM_001164800" 0 0 0 0 0 0 0 0 0 0 0 0 0 0
"NM_001044720" 0 0 0 0 0 0 0 0 0 0 0 0 0 0
"NM_001285466" 0 0 0 0 0 0 0 0 0 0 0 0 0 0
"NM_001048058" 0 0 0 0 0 0 0 0 0 0 0 0 0 0
"NM_001033412" 0 0 0 0 0 0 0 0 0 0 0 0 0 0
"NM_001281816" 0 1 0 1 1 2 2 2 1 0 1 2 0 2
"NM_001177552" 0 0 0 0 0 0 0 0 0 0 0 0 0 0
"NM_001291509" 0 0 0 0 0 0 0 0 0 0 0 0 0 0
"NM_207551" 0 0 0 0 0 0 0 0 0 0 0 0 0 0
"NM_011933" 1636 2163 2014 1672 1676 1684 1703 2079 2383 1990 2031 4243 2713 2829
"NM_001163639" 0 0 0 0 0 0 0 0 0 0 0 0 0 0
"NM_133862" 111 140 157 152 79 147 93 153 166 97 128 447 168 191
"NM_001163763" 3 2 4 1 1 3 2 2 3 3 5 2 4 5
"NM_178118" 197 262 302 346 247 269 199 300 368 318 261 491 255 376
"NM_001205362" 4 9 8 3 7 2 3 3 6 2 4 5 3 2
"NR_004853" 2 3 5 6 4 7 7 5 5 8 9 2 7 3
"NM_138628" 14 20 11 20 22 7 14 16 16 5 5 13 20 13
"NM_026457" 0 0 0 0 0 0 0 0 0 0 0 0 0 0
"NM_007921" 0 0 0 0 0 0 0 0 0 0 0 0 0 0
"NM_001255992" 0 0 0 0 0 0 0 0 0 0 0 0 0 0
"NM_001291125" 0 0 0 0 0 0 0 0 0 0 0 0 0 0
"NM_001172070" 0 0 0 0 0 0 0 0 0 0 0 0 0 0
"NM_001289700" 0 0 0 0 0 0 0 0 0 0 0 0 0 0
"NM_178278" 12 10 11 8 9 10 14 16 9 13 13 13 7 10
"NM_001100616" 0 0 0 0 0 0 0 0 0 0 0 0 0 0
"NM_007808" 24784 30090 29057 23229 26595 24730 26984 29911 29623 20509 21003 17611 25231 21367
"NM_001289539" 0 0 0 0 0 0 0 0 0 0 0 0 0 0
"NM_172844" 1 1 3 1 1 0 3 0 1 0 2 0 0 0
"NR_037225" 0 0 0 0 0 0 0 0 0 0 0 0 0 0
"NM_028072" 0 0 0 0 0 0 0 0 0 0 0 0 0 0
"NM_176979" 550 719 616 564 504 451 507 540 701 680 689 562 730 770
"NR_028433" 0 0 0 0 0 0 0 0 0 0 0 0 0 0
"NM_019490" 3293 4384 4180 3196 3894 3267 4254 4147 4307 3333 3046 2827 4285 3415
"NR_073550" 0 0 0 0 0 0 0 0 0 0 0 0 0 0
"NM_026987" 1804 2278 2321 2150 1979 2093 2281 2345 2474 2164 1782 1891 2401 2039
"NM_001128145" 0 0 0 0 0 0 0 0 0 0 0 0 0 0
"NM_022891" 10337 11446 12342 11469 12127 11751 11290 14193 13484 12604 10096 12101 13548 11805
"NM_008321" 958 847 878 1024 1263 1082 1037 1239 1388 2032 833 1892 1972 1827
"NR_105950" 0 0 1 0 0 0 1 1 0 0 0 0 0 2
"NM_153125" 4079 5127 5006 3847 4373 3609 4714 4342 4866 4092 3997 3581 5084 4459
"NM_001276467" 0 0 0 0 0 0 0 0 0 0 0 0 0 0
"NM_001037999" 20 36 42 34 42 29 37 46 61 18 36 42 46 39
"NM_028705" 1680 2574 2392 2232 1556 1141 1535 1991 2311 1457 1323 2824 2389 2246
"NM_001289660" 9 5 8 9 7 12 3 13 11 5 4 14 5 5
"NM_001163223" 0 0 0 0 0 0 0 0 0 0 0 1 0 0
"NM_001160368" 0 0 0 0 0 0 0 0 0 0 0 0 0 0
"NM_001081436" 0 0 0 0 0 0 0 0 0 0 0 0 0 0
"NM_172627" 315 425 387 307 351 248 379 353 382 330 345 251 435 433
"NR_040385" 0 0 0 1 0 1 0 0 1 0 0 3 0 0
"NM_001083891" 0 0 0 0 0 0 0 0 0 0 0 0 0 0
"NM_031165" 166642 184778 195374 117948 208600 108052 169972 196934 177396 204464 177840 135505 211178 174630
"NM_207029" 0 0 0 0 0 0 0 0 0 0 0 0 0 0
"NM_010904" 1 2 2 4 1 3 2 1 1 1 5 1 1 5
"NM_009900" 1002 1058 1084 1009 878 1000 1107 1125 1260 1059 849 1528 1139 1123
"NM_001290799" 0 0 0 0 0 0 0 0 0 0 0 0 0 0
"NR_045437" 0 0 0 0 0 0 0 0 0 0 0 0 0 0
"NM_001289480" 0 0 0 0 0 0 0 0 0 0 0 0 0 0
"NM_001081635" 0 0 0 0 0 0 0 0 0 0 0 0 0 0
"NM_001289512" 0 0 0 0 0 0 0 0 0 0 0 0 0 0
"NM_027941" 14 22 25 23 22 22 20 33 19 10 23 7 19 19
"NM_177262" 42 32 36 39 23 32 32 45 52 46 36 16 66 55
"NM_008777" 52730 63467 68268 50824 56440 49933 57076 60175 69559 50546 61730 41275 58001 60090
"NM_001289470" 0 0 0 0 0 0 0 0 0 0 0 0 0 0
"NR_073433" 7 8 7 6 10 14 4 10 9 4 2 6 2 7
"NR_111937" 0 0 0 0 0 0 0 0 0 0 0 0 0 0
"NM_183263" 522 598 583 520 539 447 582 594 573 515 438 423 697 547
"NM_028132" 4807 5733 5846 4743 4734 4551 5066 5544 5991 4706 4531 5404 5653 5385
"NM_001177938" 0 0 0 0 0 0 0 0 0 0 0 0 0 0
"NM_001164200" 7 7 5 2 4 3 3 4 3 4 4 5 2 7
"NM_134123" 1637 2021 1964 1613 1677 1309 1841 1606 1823 1627 1435 1299 2162 1718
"NM_001009547" 0 0 0 0 0 0 0 0 0 0 0 0 0 0
"NM_199226" 0 0 0 0 0 0 0 0 0 0 0 0 0 0
"NM_007983" 1722 2171 2127 1822 1931 2027 2111 2074 2427 1926 1809 2278 2655 2228
"NM_001081128" 799 1099 998 684 789 743 1001 829 985 571 701 517 1031 773
"NM_027539" 0 0 0 0 0 0 0 0 0 0 0 0 0 0
"NR_015543" 23 46 34 39 35 33 21 42 44 31 16 37 39 38
"NM_001285928" 3 2 2 5 4 4 2 2 7 4 4 3 3 2
"NM_001136236" 0 0 0 0 0 0 0 0 0 0 0 0 0 0
"NM_007722" 0 0 0 0 0 0 0 0 0 0 0 0 0 0
"NM_021050" 501 615 518 315 390 364 583 451 511 288 279 233 535 396
"NR_035528" 0 0 0 0 0 0 0 0 0 0 0 0 0 0
"NM_001177523" 0 0 0 0 0 0 0 0 0 0 0 0 0 0
"NM_176996" 3195 3739 3523 3182 2774 2951 3491 3311 3718 3068 3003 2866 3943 3635
"NM_138301" 13 13 21 41 22 27 23 38 26 21 18 22 21 15
"NM_001177792" 8 5 12 17 9 11 6 6 3 6 9 4 8 11
"NM_001003953" 68 63 69 52 40 51 53 47 85 57 64 46 89 83
"NM_146493" 0 0 0 0 0 0 0 0 0 0 0 0 0 0
"NM_001286558" 0 0 0 0 0 0 0 0 0 0 0 0 0 0
"NM_016750" 3723 4615 4398 4280 3721 3863 3929 4721 4699 4273 4030 3561 5032 4660
"NM_001297606" 3 12 6 5 9 2 9 8 7 8 5 3 5 5
"NM_001277954" 0 0 0 0 0 0 0 0 0 0 0 0 0 0
"NM_001163457" 48 44 49 35 30 27 34 25 32 37 41 35 52 35
"NM_001163496" 0 0 0 0 0 0 0 0 0 0 0 0 0 0
"NM_013563" 63 71 88 107 97 59 82 92 84 73 38 64 63 66
"NM_007696" 32 50 44 71 46 48 40 61 60 35 31 92 41 58
"NM_181422" 0 1 0 0 0 1 0 1 1 0 0 1 0 0
"NM_009146" 31 36 34 18 31 24 39 23 36 27 31 29 41 41
"NM_007813" 3 0 1 6 5 0 3 1 1 1 0 1 2 2
"NM_009824" 0 0 1 1 1 1 3 1 0 0 1 0 0 1
"NR_045506" 0 0 0 0 0 0 0 0 0 0 0 0 0 0
"NM_197998" 0 0 0 0 0 0 0 0 0 0 0 0 0 0
"NM_175669" 1 0 1 2 0 1 0 0 1 0 0 2 0 0
"NM_016689" 4256 5577 6408 5961 4004 3211 4465 4645 4605 3854 3773 4439 4478 4490
"NM_008101" 897 1189 1176 1292 953 1313 1162 1263 1333 1140 893 997 1128 898
"NR_035433" 0 0 0 0 0 0 0 0 0 0 0 0 0 0
"NM_020016" 0 0 0 0 0 0 0 0 0 0 0 0 0 0
"NM_030250" 13212 18321 17613 13678 16744 13842 16119 16561 18179 16484 15200 12702 19532 18189
"NM_021434" 1071 1249 1188 1099 1078 1121 1164 1285 1377 1039 996 1048 1211 1149
"NM_007882" 0 0 0 0 0 0 0 0 0 0 0 0 0 0
"NM_176902" 44 50 41 67 37 47 43 76 61 53 36 63 36 46
"NM_025839" 1931 2266 2156 1986 1713 1709 1790 2146 2190 1711 1776 1730 2009 1845
"NR_001581" 0 0 0 0 0 0 0 0 0 0 0 0 0 0
"NM_009120" 4203 5015 5017 4281 4384 4003 4550 4926 5039 4097 3699 3603 4924 4057
"NR_037233" 0 0 1 0 0 0 0 0 0 0 1 0 0 0
"NM_031373" 1393 1553 1608 1499 1470 1425 1498 1489 1768 1578 1371 1325 1715 1442
"NM_008704" 6603 8043 7526 6832 6997 7761 7605 8641 8001 6312 5888 4870 6870 5853
"NM_027513" 770 1027 1042 806 785 729 937 849 992 812 814 702 1142 981
"NM_011014" 74 93 92 86 59 62 91 92 110 92 67 71 94 76
"NM_001252251" 5 6 7 4 1 3 1 1 7 0 6 7 6 4
"NM_001199902" 0 0 0 0 0 0 0 0 0 0 0 0 0 0
"NR_045849" 9 15 17 17 21 16 20 16 20 13 14 9 17 18
"NM_010816" 0 2 0 0 0 0 0 0 0 0 0 0 0 0
"NR_104373" 0 1 3 0 2 0 1 1 2 3 0 0 0 1
"NM_021791" 227 367 342 298 408 266 359 413 300 300 246 182 268 236
"NM_001012451" 0 1 0 0 1 1 4 0 0 0 0 0 0 1
"NR_033636" 0 1 0 3 1 0 0 1 1 2 0 4 1 1
"NM_007405" 3587 5056 5477 5531 4517 4015 4418 4736 5068 5303 4252 4922 5170 5553
"NM_198168" 1262 1417 1351 1261 1234 1392 1431 1451 1370 1084 1003 858 1373 1089
"NM_001253356" 0 0 0 0 0 0 0 0 0 0 0 0 0 0
"NM_026859" 0 0 0 0 0 0 0 0 0 0 0 0 0 0
"NM_001163009" 0 0 0 0 0 0 0 0 0 0 0 0 0 0
"NM_012021" 79782 89777 90022 81225 72589 76449 73427 85085 79337 69776 62379 66795 69477 65466
"NM_021526" 2106 2923 2747 2366 2530 2384 2648 2784 2791 2083 1949 2259 3064 2516
"NM_011388" 526 920 737 749 856 668 1016 878 781 870 484 510 857 661
"NM_031875" 0 0 0 0 0 0 0 0 0 0 0 0 0 0
"NM_172711" 702 982 951 822 824 847 887 999 1045 830 736 776 992 920
"NM_025680" 737 903 945 848 822 784 755 906 973 825 763 858 968 851
"NM_001159731" 6 1 5 3 1 1 6 2 3 4 4 3 4 9
"NM_001252530" 1 2 3 14 10 3 7 8 5 7 4 12 10 4
"NR_045488" 0 0 0 0 0 0 0 1 0 0 0 0 0 0
"NM_022995" 1452 1590 1574 1417 1478 1552 1631 1687 1622 1227 1229 1262 1588 1313
"NR_110449" 0 0 0 0 0 0 0 0 0 0 0 0 0 0
"NM_199197" 1363 1483 1449 1518 1255 1417 1435 1490 1574 1359 1131 1324 1392 1335
"NM_001301628" 0 0 0 0 0 0 0 0 0 0 0 0 0 0
"NM_008433" 0 0 0 0 0 0 0 0 0 0 0 0 0 0
"NM_001291063" 3 1 4 6 2 0 5 0 2 4 2 3 0 1
"NM_001287123" 0 0 0 0 0 0 0 0 0 0 0 0 0 0
"NR_104381" 37 23 26 33 28 18 28 29 38 35 42 26 37 53
"NM_178884" 70 83 86 127 91 102 119 93 109 112 94 75 104 96
"NM_174876" 37 42 48 53 54 33 38 40 27 46 47 53 36 47
"NM_026278" 6 11 11 10 4 8 5 9 9 6 5 16 3 8
"NM_001159683" 1 2 6 2 4 2 3 2 4 1 2 4 3 1
"NM_001005475" 133 175 160 134 129 126 177 157 146 132 126 131 139 129
"NM_001135559" 1313 1733 1645 1208 1497 1011 1400 1325 1571 1511 1385 1194 2012 1832
"NM_028386" 0 0 2 0 2 0 1 3 0 0 0 0 1 1
"NM_001167161" 0 0 0 0 0 0 0 0 0 0 0 0 0 0
"NR_030781" 9 9 10 6 7 5 7 7 4 12 6 5 14 9
"NM_001163218" 0 0 0 0 0 0 0 0 0 0 0 0 0 0
"NR_040485" 0 0 0 0 0 0 0 0 0 0 0 0 0 1
"NR_105896" 0 0 0 0 0 0 0 0 0 0 0 0 0 0
"NM_001285793" 2 1 2 1 2 1 2 1 1 0 2 0 4 4
"NM_029336" 3 2 3 2 1 0 1 3 0 1 2 5 1 2
"NM_028447" 1504 1680 1679 1553 1396 1388 1664 1504 1698 1320 1267 1256 1657 1495
"NM_001243307" 0 0 0 0 0 0 0 0 0 0 0 0 0 0
"NM_001293635" 0 0 0 0 0 0 0 0 0 0 0 0 0 0
"NM_001281519" 0 0 0 0 0 0 0 0 0 0 0 0 0 0
"NM_023248" 2550 2775 2996 2484 2514 2301 2484 2762 2796 2781 2414 2871 3037 2896
"NM_001076679" 0 1 2 4 0 3 2 3 3 0 0 0 3 1
"NM_001199205" 0 0 0 0 0 0 0 0 0 0 0 0 0 0
"NM_172579" 0 0 0 0 0 0 0 0 0 0 0 0 0 0
"NM_175176" 0 5 4 4 1 2 4 3 3 3 1 2 3 5
"NM_026234" 626 771 808 669 676 588 692 781 835 621 589 601 791 716
"NM_009910" 13 8 19 12 10 10 14 17 5 10 9 14 8 14
"NM_001167831" 13 29 26 14 19 26 19 26 30 10 14 17 17 11
"NM_133977" 260 532 902 954 781 541 497 517 466 337 452 696 594 1004
"NM_027373" 1179 1157 1382 1264 959 857 1039 1069 1067 1197 1026 1001 1389 1388
"NM_027446" 875 962 950 887 754 820 825 1013 981 783 716 870 923 861
"NM_024213" 1031 1276 1207 1136 956 1053 1038 1266 1396 967 933 1212 1381 1147
"NM_145536" 214 181 233 322 227 216 308 251 292 292 153 295 228 193
"NM_025845" 2390 2733 3185 2613 2726 2309 2588 2585 2770 2635 2286 2218 2817 2583
"NR_030565" 0 0 0 0 0 0 0 0 0 0 0 0 0 0
"NM_023898" 4 0 2 4 6 1 4 5 1 2 1 0 2 5
"NM_145389" 4 1 8 7 2 1 3 4 5 3 5 2 2 2
"NR_040326" 0 0 0 0 0 0 0 0 0 0 0 0 0 0
"NM_001290837" 0 0 0 0 0 0 0 0 0 0 0 0 0 0
"NM_001033156" 595 732 679 606 634 558 613 643 653 556 553 338 736 610
"NR_044989" 0 0 0 0 0 0 0 0 0 0 0 0 0 0
"NM_001159568" 0 0 0 0 0 0 0 0 0 0 0 0 0 0
"NM_025284" 8 3 12 6 6 8 5 9 6 5 6 6 4 7
"NR_029443" 70 112 123 87 118 97 106 107 120 91 93 81 128 87
"NM_013782" 2709 3260 3172 2849 2569 2843 2962 3071 3295 2988 2579 3059 3253 3017
"NM_013637" 0 0 0 0 0 0 0 0 0 0 0 0 0 0
"NM_010574" 144 234 281 348 215 261 235 286 331 429 218 282 315 282
"NM_146236" 169 192 214 180 184 191 147 191 196 148 138 158 189 162
"NM_001130458" 28 24 37 20 21 19 25 26 26 26 30 31 33 26
"NM_027712" 0 0 0 0 0 0 0 0 0 0 0 0 0 0
"NM_001290128" 0 0 0 0 0 0 0 0 0 0 0 0 0 0
"NM_134188" 1079 1284 1094 1075 1086 1590 1303 1596 2232 1973 1804 5961 4553 3779
"NM_007535" 0 0 0 0 0 0 0 0 0 0 0 0 0 0
"NM_026360" 1564 1874 1881 1689 1688 1538 1683 1762 1793 1560 1479 1589 1867 1656
"NR_033470" 0 0 0 0 0 0 0 0 0 0 0 0 0 0
"NM_001142968" 0 0 0 1 1 0 1 0 0 0 0 1 0 3
"NM_001288613" 6 12 14 13 14 7 9 10 5 7 5 11 9 15
"NM_172525" 1633 1942 2354 2095 1702 2034 2164 1951 2122 2207 1593 1906 2291 2048
"NR_015496" 0 0 0 0 0 1 0 0 0 0 0 0 0 0
"NM_009216" 2 1 2 2 0 1 1 1 0 1 1 0 1 0
"NM_001128132" 0 0 0 0 0 0 0 0 0 0 0 0 0 0
"NM_030210" 14895 11421 14143 7743 6342 12079 18715 12914 12115 9769 8836 3948 16446 6351
"NM_001271509" 0 0 0 0 0 0 0 0 0 0 0 0 0 0
"NM_207155" 0 0 0 0 0 0 0 0 0 0 0 0 0 0
"NM_011331" 0 2 3 2 8 1 1 5 1 1 0 1 1 2
